"","code","Training.and.Development.Specialists","Structural.Iron.and.Steel.Workers","Helpers.Brickmasons..Blockmasons..Stonemasons..and.Tile.and.Marble.Setters","Helpers.Carpenters","Helpers.Electricians","Helpers.Painters..Paperhangers..Plasterers..and.Stucco.Masons","Helpers.Pipelayers..Plumbers..Pipefitters..and.Steamfitters","Helpers.Roofers","Construction.and.Building.Inspectors","Elevator.Installers.and.Repairers","Fence.Erectors","Market.Research.Analysts.and.Marketing.Specialists","Hazardous.Materials.Removal.Workers","Highway.Maintenance.Workers","Rail.Track.Laying.and.Maintenance.Equipment.Operators","Septic.Tank.Servicers.and.Sewer.Pipe.Cleaners","Segmental.Pavers","Derrick.Operators..Oil.and.Gas","Rotary.Drill.Operators..Oil.and.Gas","Service.Unit.Operators..Oil..Gas..and.Mining","Earth.Drillers..Except.Oil.and.Gas","Explosives.Workers..Ordnance.Handling.Experts..and.Blasters","Business.Operations.Specialists..All.Other","Continuous.Mining.Machine.Operators","Mine.Cutting.and.Channeling.Machine.Operators","Rock.Splitters..Quarry","Roof.Bolters..Mining","Roustabouts..Oil.and.Gas","Helpers.Extraction.Workers","First.Line.Supervisors.of.Mechanics..Installers..and.Repairers","Computer..Automated.Teller..and.Office.Machine.Repairers","Radio..Cellular..and.Tower.Equipment.Installers.and.Repairs","Telecommunications.Equipment.Installers.and.Repairers..Except.Line.Installers","Avionics.Technicians","Electric.Motor..Power.Tool..and.Related.Repairers","Electrical.and.Electronics.Installers.and.Repairers..Transportation.Equipment","Electrical.and.Electronics.Repairers..Commercial.and.Industrial.Equipment","Electrical.and.Electronics.Repairers..Powerhouse..Substation..and.Relay","Electronic.Equipment.Installers.and.Repairers..Motor.Vehicles","Accountants.and.Auditors","Electronic.Home.Entertainment.Equipment.Installers.and.Repairers","Security.and.Fire.Alarm.Systems.Installers","Aircraft.Mechanics.and.Service.Technicians","Automotive.Body.and.Related.Repairers","Automotive.Glass.Installers.and.Repairers","Automotive.Service.Technicians.and.Mechanics","Bus.and.Truck.Mechanics.and.Diesel.Engine.Specialists","Farm.Equipment.Mechanics.and.Service.Technicians","Mobile.Heavy.Equipment.Mechanics..Except.Engines","Rail.Car.Repairers","Motorboat.Mechanics.and.Service.Technicians","Motorcycle.Mechanics","Outdoor.Power.Equipment.and.Other.Small.Engine.Mechanics","Appraisers.and.Assessors.of.Real.Estate","Bicycle.Repairers","Recreational.Vehicle.Service.Technicians","Tire.Repairers.and.Changers","Mechanical.Door.Repairers","Control.and.Valve.Installers.and.Repairers..Except.Mechanical.Door","Heating..Air.Conditioning..and.Refrigeration.Mechanics.and.Installers","Advertising.and.Promotions.Managers","Home.Appliance.Repairers","Industrial.Machinery.Mechanics","Maintenance.Workers..Machinery","Millwrights","Refractory.Materials.Repairers..Except.Brickmasons","Electrical.Power.Line.Installers.and.Repairers","Telecommunications.Line.Installers.and.Repairers","Budget.Analysts","Camera.and.Photographic.Equipment.Repairers","Medical.Equipment.Repairers","Musical.Instrument.Repairers.and.Tuners","Watch.Repairers","Maintenance.and.Repair.Workers..General","Coin..Vending..and.Amusement.Machine.Servicers.and.Repairers","Commercial.Divers","Fabric.Menders..Except.Garment","Locksmiths.and.Safe.Repairers","Manufactured.Building.and.Mobile.Home.Installers","Riggers","Signal.and.Track.Switch.Repairers","Helpers.Installation..Maintenance..and.Repair.Workers","Credit.Analysts","First.Line.Supervisors.of.Production.and.Operating.Workers","Aircraft.Structure..Surfaces..Rigging..and.Systems.Assemblers","Coil.Winders..Tapers..and.Finishers","Electrical.and.Electronic.Equipment.Assemblers","Electromechanical.Equipment.Assemblers","Engine.and.Other.Machine.Assemblers","Structural.Metal.Fabricators.and.Fitters","Fiberglass.Laminators.and.Fabricators","Team.Assemblers","Timing.Device.Assemblers.and.Adjusters","Financial.Analysts","Bakers","Butchers.and.Meat.Cutters","Meat..Poultry..and.Fish.Cutters.and.Trimmers","Slaughterers.and.Meat.Packers","Food.and.Tobacco.Roasting..Baking..and.Drying.Machine.Operators.and.Tenders","Food.Batchmakers","Food.Cooking.Machine.Operators.and.Tenders","Personal.Financial.Advisors","Computer.Controlled.Machine.Tool.Operators..Metal.and.Plastic","Computer.Numerically.Controlled.Machine.Tool.Programmers..Metal.and.Plastic","Extruding.and.Drawing.Machine.Setters..Operators..and.Tenders..Metal.and.Plastic","Forging.Machine.Setters..Operators..and.Tenders..Metal.and.Plastic","Rolling.Machine.Setters..Operators..and.Tenders..Metal.and.Plastic","Insurance.Underwriters","Cutting..Punching..and.Press.Machine.Setters..Operators..and.Tenders..Metal.and.Plastic","Drilling.and.Boring.Machine.Tool.Setters..Operators..and.Tenders..Metal.and.Plastic","Grinding..Lapping..Polishing..and.Buffing.Machine.Tool.Setters..Operators..and.Tenders..Metal.and.Plastic","Lathe.and.Turning.Machine.Tool.Setters..Operators..and.Tenders..Metal.and.Plastic","Milling.and.Planing.Machine.Setters..Operators..and.Tenders..Metal.and.Plastic","Machinists","Metal.Refining.Furnace.Operators.and.Tenders","Pourers.and.Casters..Metal","Model.Makers..Metal.and.Plastic","Patternmakers..Metal.and.Plastic","Foundry.Mold.and.Coremakers","Molding..Coremaking..and.Casting.Machine.Setters..Operators..and.Tenders..Metal.and.Plastic","Multiple.Machine.Tool.Setters..Operators..and.Tenders..Metal.and.Plastic","Tool.and.Die.Makers","Financial.Examiners","Welders..Cutters..Solderers..and.Brazers","Welding..Soldering..and.Brazing.Machine.Setters..Operators..and.Tenders","Heat.Treating.Equipment.Setters..Operators..and.Tenders..Metal.and.Plastic","Layout.Workers..Metal.and.Plastic","Plating.and.Coating.Machine.Setters..Operators..and.Tenders..Metal.and.Plastic","Tool.Grinders..Filers..and.Sharpeners","Prepress.Technicians.and.Workers","Printing.Press.Operators","Print.Binding.and.Finishing.Workers","Laundry.and.Dry.Cleaning.Workers","Pressers..Textile..Garment..and.Related.Materials","Credit.Counselors","Sewing.Machine.Operators","Shoe.and.Leather.Workers.and.Repairers","Shoe.Machine.Operators.and.Tenders","Sewers..Hand","Tailors..Dressmakers..and.Custom.Sewers","Textile.Bleaching.and.Dyeing.Machine.Operators.and.Tenders","Textile.Cutting.Machine.Setters..Operators..and.Tenders","Loan.Officers","Textile.Knitting.and.Weaving.Machine.Setters..Operators..and.Tenders","Textile.Winding..Twisting..and.Drawing.Out.Machine.Setters..Operators..and.Tenders","Extruding.and.Forming.Machine.Setters..Operators..and.Tenders..Synthetic.and.Glass.Fibers","Fabric.and.Apparel.Patternmakers","Upholsterers","Cabinetmakers.and.Bench.Carpenters","Furniture.Finishers","Model.Makers..Wood","Patternmakers..Wood","Sawing.Machine.Setters..Operators..and.Tenders..Wood","Woodworking.Machine.Setters..Operators..and.Tenders..Except.Sawing","Tax.Examiners.and.Collectors..and.Revenue.Agents","Nuclear.Power.Reactor.Operators","Power.Distributors.and.Dispatchers","Power.Plant.Operators","Stationary.Engineers.and.Boiler.Operators","Water.and.Wastewater.Treatment.Plant.and.System.Operators","Tax.Preparers","Chemical.Plant.and.System.Operators","Gas.Plant.Operators","Petroleum.Pump.System.Operators..Refinery.Operators..and.Gaugers","Plant.and.System.Operators..All.Other","Chemical.Equipment.Operators.and.Tenders","Separating..Filtering..Clarifying..Precipitating..and.Still.Machine.Setters..Operators..and.Tenders","Crushing..Grinding..and.Polishing.Machine.Setters..Operators..and.Tenders","Grinding.and.Polishing.Workers..Hand","Mixing.and.Blending.Machine.Setters..Operators..and.Tenders","Cutters.and.Trimmers..Hand","Cutting.and.Slicing.Machine.Setters..Operators..and.Tenders","Extruding..Forming..Pressing..and.Compacting.Machine.Setters..Operators..and.Tenders","Furnace..Kiln..Oven..Drier..and.Kettle.Operators.and.Tenders","Financial.Specialists..All.Other","Inspectors..Testers..Sorters..Samplers..and.Weighers","Jewelers.and.Precious.Stone.and.Metal.Workers","Dental.Laboratory.Technicians","Medical.Appliance.Technicians","Ophthalmic.Laboratory.Technicians","Packaging.and.Filling.Machine.Operators.and.Tenders","Coating..Painting..and.Spraying.Machine.Setters..Operators..and.Tenders","Painters..Transportation.Equipment","Painting..Coating..and.Decorating.Workers","Semiconductor.Processors","Photographic.Process.Workers.and.Processing.Machine.Operators","Adhesive.Bonding.Machine.Operators.and.Tenders","Cleaning..Washing..and.Metal.Pickling.Equipment.Operators.and.Tenders","Cooling.and.Freezing.Equipment.Operators.and.Tenders","Etchers.and.Engravers","Molders..Shapers..and.Casters..Except.Metal.and.Plastic","Paper.Goods.Machine.Setters..Operators..and.Tenders","Tire.Builders","Helpers.Production.Workers","Marketing.Managers","Aircraft.Cargo.Handling.Supervisors","First.Line.Supervisors.of.Helpers..Laborers..and.Material.Movers..Hand","First.Line.Supervisors.of.Transportation.and.Material.Moving.Machine.and.Vehicle.Operators","Airline.Pilots..Copilots..and.Flight.Engineers","Commercial.Pilots","Computer.and.Information.Research.Scientists","Air.Traffic.Controllers","Airfield.Operations.Specialists","Flight.Attendants","Ambulance.Drivers.and.Attendants..Except.Emergency.Medical.Technicians","Bus.Drivers..Transit.and.Intercity","Bus.Drivers..School.or.Special.Client","Driver.Sales.Workers","Heavy.and.Tractor.Trailer.Truck.Drivers","Light.Truck.or.Delivery.Services.Drivers","Taxi.Drivers.and.Chauffeurs","Computer.Systems.Analysts","Locomotive.Engineers","Locomotive.Firers","Rail.Yard.Engineers..Dinkey.Operators..and.Hostlers","Railroad.Brake..Signal..and.Switch.Operators","Railroad.Conductors.and.Yardmasters","Subway.and.Streetcar.Operators","Sailors.and.Marine.Oilers","Captains..Mates..and.Pilots.of.Water.Vessels","Motorboat.Operators","Ship.Engineers","Bridge.and.Lock.Tenders","Parking.Lot.Attendants","Automotive.and.Watercraft.Service.Attendants","Traffic.Technicians","Transportation.Inspectors","Computer.Programmers","Transportation.Attendants..Except.Flight.Attendants","Conveyor.Operators.and.Tenders","Crane.and.Tower.Operators","Software.Developers..Applications","Dredge.Operators","Excavating.and.Loading.Machine.and.Dragline.Operators","Loading.Machine.Operators..Underground.Mining","Hoist.and.Winch.Operators","Industrial.Truck.and.Tractor.Operators","Cleaners.of.Vehicles.and.Equipment","Laborers.and.Freight..Stock..and.Material.Movers..Hand","Software.Developers..Systems.Software","Machine.Feeders.and.Offbearers","Packers.and.Packagers..Hand","Gas.Compressor.and.Gas.Pumping.Station.Operators","Pump.Operators..Except.Wellhead.Pumpers","Wellhead.Pumpers","Refuse.and.Recyclable.Material.Collectors","Mine.Shuttle.Car.Operators","Tank.Car..Truck..and.Ship.Loaders","Sales.Managers","Database.Administrators","Network.and.Computer.Systems.Administrators","Computer.Support.Specialists","Actuaries","Mathematicians","Operations.Research.Analysts","Statisticians","Mathematical.Technicians","Public.Relations.and.Fundraising.Managers","Architects..Except.Landscape.and.Naval","Landscape.Architects","Cartographers.and.Photogrammetrists","Surveyors","Aerospace.Engineers","Agricultural.Engineers","Biomedical.Engineers","Chemical.Engineers","Civil.Engineers","Computer.Hardware.Engineers","Electrical.Engineers","Electronics.Engineers..Except.Computer","Environmental.Engineers","Health.and.Safety.Engineers..Except.Mining.Safety.Engineers.and.Inspectors","Industrial.Engineers","Administrative.Services.Managers","Marine.Engineers.and.Naval.Architects","Materials.Engineers","Mechanical.Engineers","Mining.and.Geological.Engineers..Including.Mining.Safety.Engineers","Nuclear.Engineers","Petroleum.Engineers","Engineers..All.Other","Architectural.and.Civil.Drafters","Electrical.and.Electronics.Drafters","Mechanical.Drafters","Computer.and.Information.Systems.Managers","Aerospace.Engineering.and.Operations.Technicians","Civil.Engineering.Technicians","Electrical.and.Electronics.Engineering.Technicians","Electro.Mechanical.Technicians","Environmental.Engineering.Technicians","Industrial.Engineering.Technicians","Mechanical.Engineering.Technicians","Engineering.Technicians..Except.Drafters..All.Other","Surveying.and.Mapping.Technicians","Animal.Scientists","Food.Scientists.and.Technologists","Soil.and.Plant.Scientists","Biochemists.and.Biophysicists","Microbiologists","Financial.Managers","Zoologists.and.Wildlife.Biologists","Biological.Scientists..All.Other","Conservation.Scientists","Foresters","Epidemiologists","Medical.Scientists..Except.Epidemiologists","Astronomers","Physicists","Atmospheric.and.Space.Scientists","Chemists","Materials.Scientists","Industrial.Production.Managers","Environmental.Scientists.and.Specialists..Including.Health","Geoscientists..Except.Hydrologists.and.Geographers","Hydrologists","Physical.Scientists..All.Other","Economists","Survey.Researchers","Clinical..Counseling..and.School.Psychologists","Industrial.Organizational.Psychologists","Psychologists..All.Other","Sociologists","Urban.and.Regional.Planners","Anthropologists.and.Archeologists","Purchasing.Managers","Geographers","Historians","Political.Scientists","Social.Scientists.and.Related.Workers..All.Other","Agricultural.and.Food.Science.Technicians","Biological.Technicians","Chemical.Technicians","Geological.and.Petroleum.Technicians","Nuclear.Technicians","Social.Science.Research.Assistants","Environmental.Science.and.Protection.Technicians..Including.Health","Forensic.Science.Technicians","Transportation..Storage..and.Distribution.Managers","Forest.and.Conservation.Technicians","Life..Physical..and.Social.Science.Technicians..All.Other","Substance.Abuse.and.Behavioral.Disorder.Counselors","Educational..Guidance..School..and.Vocational.Counselors","Marriage.and.Family.Therapists","Mental.Health.Counselors","Rehabilitation.Counselors","Child..Family..and.School.Social.Workers","Healthcare.Social.Workers","Mental.Health.and.Substance.Abuse.Social.Workers","Health.Educators","Probation.Officers.and.Correctional.Treatment.Specialists","Social.and.Human.Service.Assistants","Compensation.and.Benefits.Managers","Clergy","Directors..Religious.Activities.and.Education","Lawyers","Judicial.Law.Clerks","Administrative.Law.Judges..Adjudicators..and.Hearing.Officers","Arbitrators..Mediators..and.Conciliators","Judges..Magistrate.Judges..and.Magistrates","Human.Resources.Managers","Paralegals.and.Legal.Assistants","Court.Reporters","Title.Examiners..Abstractors..and.Searchers","Postsecondary.Teachers","Training.and.Development.Managers","Farmers..Ranchers..and.Other.Agricultural.Managers","Preschool.Teachers..Except.Special.Education","Kindergarten.Teachers..Except.Special.Education","Elementary.School.Teachers..Except.Special.Education","Middle.School.Teachers..Except.Special.and.Career.Technical.Education","Career.Technical.Education.Teachers..Middle.School","Secondary.School.Teachers..Except.Special.and.Career.Technical.Education","Career.Technical.Education.Teachers..Secondary.School","Chief.Executives","Construction.Managers","Special.Education.Teachers..Middle.School","Special.Education.Teachers..Secondary.School","Adult.Basic.and.Secondary.Education.and.Literacy.Teachers.and.Instructors","Self.Enrichment.Education.Teachers","Archivists","Curators","Museum.Technicians.and.Conservators","Librarians","Library.Technicians","Education.Administrators..Preschool.and.Childcare.Center.Program","Audio.Visual.and.Multimedia.Collections.Specialists","Farm.and.Home.Management.Advisors","Instructional.Coordinators","Teacher.Assistants","Education.Administrators..Elementary.and.Secondary.School","Art.Directors","Craft.Artists","Fine.Artists..Including.Painters..Sculptors..and.Illustrators","Multimedia.Artists.and.Animators","Education.Administrators..Postsecondary","Commercial.and.Industrial.Designers","Fashion.Designers","Floral.Designers","Graphic.Designers","Interior.Designers","Merchandise.Displayers.and.Window.Trimmers","Set.and.Exhibit.Designers","Actors","Producers.and.Directors","Athletes.and.Sports.Competitors","Coaches.and.Scouts","Umpires..Referees..and.Other.Sports.Officials","Dancers","Choreographers","Music.Directors.and.Composers","Musicians.and.Singers","Radio.and.Television.Announcers","Public.Address.System.and.Other.Announcers","Broadcast.News.Analysts","Architectural.and.Engineering.Managers","Reporters.and.Correspondents","Public.Relations.Specialists","Editors","Technical.Writers","Writers.and.Authors","Interpreters.and.Translators","Audio.and.Video.Equipment.Technicians","Broadcast.Technicians","Radio.Operators","Sound.Engineering.Technicians","Photographers","Camera.Operators..Television..Video..and.Motion.Picture","Food.Service.Managers","Film.and.Video.Editors","Chiropractors","Dentists..General","Oral.and.Maxillofacial.Surgeons","Orthodontists","Prosthodontists","Dietitians.and.Nutritionists","Optometrists","Pharmacists","Physicians.and.Surgeons","Physician.Assistants","Podiatrists","Occupational.Therapists","Physical.Therapists","Radiation.Therapists","Recreational.Therapists","Respiratory.Therapists","Speech.Language.Pathologists","Gaming.Managers","Veterinarians","Audiologists","Health.Diagnosing.and.Treating.Practitioners..All.Other","Medical.and.Clinical.Laboratory.Technologists","Medical.and.Clinical.Laboratory.Technicians","Lodging.Managers","Dental.Hygienists","Cardiovascular.Technologists.and.Technicians","Diagnostic.Medical.Sonographers","Nuclear.Medicine.Technologists","Emergency.Medical.Technicians.and.Paramedics","Dietetic.Technicians","Pharmacy.Technicians","Psychiatric.Technicians","Respiratory.Therapy.Technicians","Surgical.Technologists","Veterinary.Technologists.and.Technicians","Licensed.Practical.and.Licensed.Vocational.Nurses","Medical.and.Health.Services.Managers","Medical.Records.and.Health.Information.Technicians","Opticians..Dispensing","Orthotists.and.Prosthetists","Occupational.Health.and.Safety.Specialists","Occupational.Health.and.Safety.Technicians","Athletic.Trainers","Home.Health.Aides","Psychiatric.Aides","Natural.Sciences.Managers","Occupational.Therapy.Assistants","Occupational.Therapy.Aides","Physical.Therapist.Assistants","Physical.Therapist.Aides","General.and.Operations.Managers","Massage.Therapists","Dental.Assistants","Medical.Assistants","Medical.Equipment.Preparers","Medical.Transcriptionists","Pharmacy.Aides","Veterinary.Assistants.and.Laboratory.Animal.Caretakers","Postmasters.and.Mail.Superintendents","First.Line.Supervisors.of.Correctional.Officers","First.Line.Supervisors.of.Police.and.Detectives","First.Line.Supervisors.of.Fire.Fighting.and.Prevention.Workers","Firefighters","Fire.Inspectors.and.Investigators","Forest.Fire.Inspectors.and.Prevention.Specialists","Bailiffs","Correctional.Officers.and.Jailers","Property..Real.Estate..and.Community.Association.Managers","Detectives.and.Criminal.Investigators","Fish.and.Game.Wardens","Parking.Enforcement.Workers","Police.and.Sheriff.s.Patrol.Officers","Transit.and.Railroad.Police","Animal.Control.Workers","Private.Detectives.and.Investigators","Gaming.Surveillance.Officers.and.Gaming.Investigators","Security.Guards","Crossing.Guards","Lifeguards..Ski.Patrol..and.Other.Recreational.Protective.Service.Workers","Social.and.Community.Service.Managers","Chefs.and.Head.Cooks","First.Line.Supervisors.of.Food.Preparation.and.Serving.Workers","Cooks..Fast.Food","Cooks..Institution.and.Cafeteria","Cooks..Private.Household","Cooks..Restaurant","Cooks..Short.Order","Food.Preparation.Workers","Bartenders","Emergency.Management.Directors","Combined.Food.Preparation.and.Serving.Workers..Including.Fast.Food","Counter.Attendants..Cafeteria..Food.Concession..and.Coffee.Shop","Waiters.and.Waitresses","Food.Servers..Nonrestaurant","Dining.Room.and.Cafeteria.Attendants.and.Bartender.Helpers","Dishwashers","Hosts.and.Hostesses..Restaurant..Lounge..and.Coffee.Shop","First.Line.Supervisors.of.Housekeeping.and.Janitorial.Workers","Managers..All.Other","First.Line.Supervisors.of.Landscaping..Lawn.Service..and.Groundskeeping.Workers","Janitors.and.Cleaners..Except.Maids.and.Housekeeping.Cleaners","Maids.and.Housekeeping.Cleaners","Pest.Control.Workers","Landscaping.and.Groundskeeping.Workers","Pesticide.Handlers..Sprayers..and.Applicators..Vegetation","Tree.Trimmers.and.Pruners","Gaming.Supervisors","Slot.Supervisors","First.Line.Supervisors.of.Personal.Service.Workers","Animal.Trainers","Nonfarm.Animal.Caretakers","Gaming.Dealers","Gaming.and.Sports.Book.Writers.and.Runners","Motion.Picture.Projectionists","Ushers..Lobby.Attendants..and.Ticket.Takers","Amusement.and.Recreation.Attendants","Costume.Attendants","Locker.Room..Coatroom..and.Dressing.Room.Attendants","Agents.and.Business.Managers.of.Artists..Performers..and.Athletes","Embalmers","Funeral.Attendants","Barbers","Hairdressers..Hairstylists..and.Cosmetologists","Makeup.Artists..Theatrical.and.Performance","Manicurists.and.Pedicurists","Shampooers","Skincare.Specialists","Baggage.Porters.and.Bellhops","Concierges","Buyers.and.Purchasing.Agents..Farm.Products","Tour.Guides.and.Escorts","Travel.Guides","Childcare.Workers","Personal.Care.Aides","Wholesale.and.Retail.Buyers..Except.Farm.Products","Fitness.Trainers.and.Aerobics.Instructors","Recreation.Workers","Residential.Advisors","First.Line.Supervisors.of.Retail.Sales.Workers","Purchasing.Agents..Except.Wholesale..Retail..and.Farm.Products","First.Line.Supervisors.of.Non.Retail.Sales.Workers","Cashiers","Gaming.Change.Persons.and.Booth.Cashiers","Counter.and.Rental.Clerks","Parts.Salespersons","Retail.Salespersons","Advertising.Sales.Agents","Insurance.Sales.Agents","Securities..Commodities..and.Financial.Services.Sales.Agents","Travel.Agents","Claims.Adjusters..Examiners..and.Investigators","Sales.Representatives..Wholesale.and.Manufacturing..Technical.and.Scientific.Products","Sales.Representatives..Wholesale.and.Manufacturing..Except.Technical.and.Scientific.Products","Demonstrators.and.Product.Promoters","Models","Insurance.Appraisers..Auto.Damage","Real.Estate.Brokers","Real.Estate.Sales.Agents","Sales.Engineers","Telemarketers","Door.to.Door.Sales.Workers..News.and.Street.Vendors..and.Related.Workers","First.Line.Supervisors.of.Office.and.Administrative.Support.Workers","Switchboard.Operators..Including.Answering.Service","Telephone.Operators","Compliance.Officers","Bill.and.Account.Collectors","Billing.and.Posting.Clerks","Bookkeeping..Accounting..and.Auditing.Clerks","Gaming.Cage.Workers","Payroll.and.Timekeeping.Clerks","Procurement.Clerks","Tellers","Brokerage.Clerks","Cost.Estimators","Correspondence.Clerks","Court..Municipal..and.License.Clerks","Credit.Authorizers..Checkers..and.Clerks","Customer.Service.Representatives","Eligibility.Interviewers..Government.Programs","File.Clerks","Hotel..Motel..and.Resort.Desk.Clerks","Interviewers..Except.Eligibility.and.Loan","Library.Assistants..Clerical","Loan.Interviewers.and.Clerks","New.Accounts.Clerks","Order.Clerks","Human.Resources.Assistants..Except.Payroll.and.Timekeeping","Receptionists.and.Information.Clerks","Reservation.and.Transportation.Ticket.Agents.and.Travel.Clerks","Farm.Labor.Contractors","Cargo.and.Freight.Agents","Couriers.and.Messengers","Police..Fire..and.Ambulance.Dispatchers","Dispatchers..Except.Police..Fire..and.Ambulance","Meter.Readers..Utilities","Postal.Service.Clerks","Postal.Service.Mail.Carriers","Postal.Service.Mail.Sorters..Processors..and.Processing.Machine.Operators","Production..Planning..and.Expediting.Clerks","Shipping..Receiving..and.Traffic.Clerks","Stock.Clerks.and.Order.Fillers","Weighers..Measurers..Checkers..and.Samplers..Recordkeeping","Executive.Secretaries.and.Executive.Administrative.Assistants","Legal.Secretaries","Medical.Secretaries","Secretaries.and.Administrative.Assistants..Except.Legal..Medical..and.Executive","Logisticians","Computer.Operators","Data.Entry.Keyers","Word.Processors.and.Typists","Desktop.Publishers","Insurance.Claims.and.Policy.Processing.Clerks","Mail.Clerks.and.Mail.Machine.Operators..Except.Postal.Service","Office.Clerks..General","Office.Machine.Operators..Except.Computer","Proofreaders.and.Copy.Markers","Statistical.Assistants","Management.Analysts","First.Line.Supervisors.of.Farming..Fishing..and.Forestry.Workers","Agricultural.Inspectors","Animal.Breeders","Graders.and.Sorters..Agricultural.Products","Miscellaneous.Agricultural.Workers","Meeting..Convention..and.Event.Planners","Fishers.and.Related.Fishing.Workers","Forest.and.Conservation.Workers","Fallers","Logging.Equipment.Operators","Log.Graders.and.Scalers","First.Line.Supervisors.of.Construction.Trades.and.Extraction.Workers","Boilermakers","Brickmasons.and.Blockmasons","Stonemasons","Carpenters","Carpet.Installers","Floor.Layers..Except.Carpet..Wood..and.Hard.Tiles","Floor.Sanders.and.Finishers","Tile.and.Marble.Setters","Cement.Masons.and.Concrete.Finishers","Terrazzo.Workers.and.Finishers","Construction.Laborers","Paving..Surfacing..and.Tamping.Equipment.Operators","Pile.Driver.Operators","Operating.Engineers.and.Other.Construction.Equipment.Operators","Drywall.and.Ceiling.Tile.Installers","Tapers","Electricians","Compensation..Benefits..and.Job.Analysis.Specialists","Glaziers","Insulation.Workers..Floor..Ceiling..and.Wall","Insulation.Workers..Mechanical","Painters..Construction.and.Maintenance","Paperhangers","Pipelayers","Plumbers..Pipefitters..and.Steamfitters","Plasterers.and.Stucco.Masons","Reinforcing.Iron.and.Rebar.Workers","Roofers","Sheet.Metal.Workers","total"
"alabama","AL",2670,1340,340,680,1950,220,1270,250,1170,270,260,3110,470,3580,200,240,0,0,80,150,200,170,6870,100,320,0,250,140,90,8150,2000,420,4110,550,520,120,1880,1190,0,15360,360,860,2730,2280,170,8100,4460,460,2740,400,260,240,720,710,0,140,2940,0,1390,5190,50,260,10510,790,1040,100,3790,1050,860,0,820,130,0,13740,540,60,0,290,120,150,0,3540,490,13140,1550,380,2760,430,1530,2640,720,35410,0,1420,1780,1620,11390,240,280,1110,0,2060,2110,610,2270,600,700,960,5680,0,1330,530,300,6410,1200,490,0,120,130,2630,3370,760,1030,9810,1310,270,680,650,330,290,2310,310,2930,740,80,3040,50,0,110,260,330,280,3740,870,2490,340,0,200,2380,180,0,0,2870,2090,1110,0,440,820,320,1910,590,900,270,360,70,2650,260,920,1020,2370,400,1200,2540,700,740,10690,330,890,110,90,3510,1910,1130,680,0,260,250,330,200,50,490,2360,2250,17170,530,40,3420,3650,310,930,310,250,70,0,480,1270,9420,5770,31890,11600,1210,4020,800,0,150,220,1030,0,340,220,0,130,0,400,1610,0,430,6590,0,280,1200,5500,0,1250,180,70,9690,5420,42840,4000,1740,7160,0,0,0,2070,50,600,2510,1600,4410,0,60,0,720,170,0,400,1110,40,170,570,4470,0,0,510,3970,1460,4330,2250,760,410,4930,640,0,540,3460,180,200,130,3440,1100,310,590,3260,190,1600,2020,110,210,1130,710,830,700,0,0,40,30,110,4990,80,220,110,220,40,190,0,190,0,650,80,3110,880,280,0,80,30,0,560,0,130,0,360,80,950,0,40,0,0,100,340,930,90,0,0,340,270,610,240,890,830,3360,190,970,1030,3410,2160,1150,300,1090,1250,90,440,0,5380,0,120,50,500,1320,2870,330,270,0,150,0,1550,1200,24710,9390,70,13100,410,1030,3010,560,710,580,2200,70,110,50,2100,830,120,0,390,1210,7580,3460,280,110,0,130,2460,240,0,620,1520,490,2870,50,0,550,0,3180,90,0,0,60,120,310,50,240,2410,430,1820,660,660,220,230,690,340,0,30,470,190,2250,110,270,1130,0,0,0,850,550,5430,0,700,90,1080,2460,360,120,2300,1560,0,860,70,0,2550,2170,520,3380,580,1100,350,4010,120,7290,1030,220,2050,980,13030,2960,2670,1210,130,1050,100,420,5060,1930,140,500,110,1900,570,26930,400,3250,7290,1150,610,620,1010,280,440,1180,1010,4520,120,50,80,5540,440,1310,200,90,10410,0,220,220,60,12920,530,1340,1190,610,16320,6940,10700,0,15790,3100,9460,3700,180,49320,4580,32420,1960,2160,4790,4900,2510,2010,2020,30520,8890,2000,12860,130,240,100,60,2850,50,2690,0,330,0,650,1910,0,50,0,70,820,0,3450,0,410,140,340,290,0,250,330,0,9000,13230,310,2230,3980,2250,24120,6240,3270,72610,0,8810,4200,59690,1560,5680,1690,370,3730,890,23200,780,0,0,220,900,270,2240,0,17410,1230,0,1400,4180,7160,22190,0,2400,690,9400,670,2180,50,2550,280,30720,3240,690,3840,3300,1290,2940,430,1330,1500,13610,510,0,740,1680,2540,2190,630,1330,5320,1030,2500,8060,23870,1860,3300,3960,5130,45760,3460,720,1540,350,80,2800,480,32610,720,0,80,4590,360,510,0,680,0,400,0,50,90,2280,120,10880,290,460,50,8160,0,270,0,230,1670,0,7560,1200,0,5530,550,0,9050,590,480,220,280,1940,30,2390,5010,0,0,970,1190,1722020
"alaska","AK",0,180,0,250,220,60,0,0,310,0,0,450,450,140,0,40,0,220,380,1620,150,0,2830,0,0,0,0,570,280,1140,170,60,700,70,0,40,160,90,0,2350,50,80,1290,270,130,1530,870,0,1150,0,140,60,60,150,0,0,290,0,130,300,40,50,560,370,260,0,390,470,290,0,80,0,0,4320,0,100,0,0,0,40,0,510,0,950,0,0,0,0,0,50,40,240,0,350,230,290,3240,0,50,180,0,130,0,0,0,0,0,120,70,0,0,0,0,220,0,0,0,0,0,0,0,0,80,770,0,0,0,0,0,0,130,60,400,0,0,40,0,0,0,0,0,0,700,0,0,0,0,0,90,0,0,0,50,0,70,0,60,560,110,680,240,0,120,490,140,0,210,0,0,70,0,0,0,0,370,610,0,60,0,0,460,0,40,0,0,120,0,0,0,0,40,0,0,290,200,0,270,390,2030,550,0,0,100,0,0,320,1040,660,2740,1760,380,580,0,0,0,0,0,0,810,600,0,320,0,160,250,0,210,570,410,0,100,360,0,120,0,0,630,530,4930,120,70,910,0,0,0,210,0,80,400,210,1010,0,0,0,130,50,0,150,210,30,150,310,0,0,0,0,1210,70,360,150,460,230,60,530,0,70,530,160,0,790,620,200,40,0,340,0,520,490,40,150,70,100,290,200,0,0,40,0,40,870,730,340,190,60,0,0,0,0,150,130,0,110,640,460,60,120,40,0,270,0,0,0,190,120,130,0,0,0,180,0,420,140,490,0,40,110,0,550,460,300,290,790,40,650,290,1290,370,460,300,300,1350,0,120,40,930,0,0,0,80,190,730,0,110,0,80,0,520,1000,3020,1420,80,2250,180,760,960,200,240,40,360,0,60,60,430,260,70,0,0,490,4770,620,0,0,0,0,180,0,0,70,270,40,190,0,50,150,0,420,240,0,0,0,0,120,0,0,370,120,470,90,70,120,60,140,100,0,0,50,0,320,0,90,270,0,0,0,150,70,470,0,430,0,270,460,0,0,160,310,0,190,0,200,230,420,160,480,80,70,40,330,0,680,290,0,90,190,500,880,640,140,0,520,100,0,1370,0,410,0,0,70,30,6490,770,1360,1500,110,120,80,120,170,80,300,160,780,0,0,0,1240,330,100,0,0,1110,0,40,40,0,2070,180,310,380,700,1740,780,960,0,1900,430,4680,1740,70,4530,2540,4260,280,920,1670,910,370,1460,0,6240,3080,0,980,0,120,40,0,380,30,340,90,310,0,0,680,0,50,0,0,30,0,510,0,90,0,0,90,60,0,680,0,2500,4900,340,560,590,150,2360,670,150,6470,0,930,700,10470,230,610,200,140,290,500,1670,220,0,0,90,190,70,0,60,3170,160,0,720,360,1190,4670,0,430,260,1290,60,320,0,580,40,3660,500,420,1040,130,250,390,50,190,440,2670,620,0,660,0,310,720,40,400,460,270,500,1230,4080,40,2010,270,1410,6920,280,140,240,120,0,160,160,6810,60,0,0,670,50,0,0,0,0,110,40,0,0,0,0,1350,0,0,0,2350,0,0,0,0,130,0,2820,0,50,3550,0,0,1830,160,140,170,210,380,0,40,1770,0,0,230,450,284920
"arizona","AZ",7710,1460,580,300,560,300,510,0,2100,240,290,10180,360,1330,190,300,0,0,120,0,520,160,12320,540,0,130,0,0,200,10410,1400,490,3360,700,380,80,950,480,390,20200,2020,1740,5320,2560,500,13180,5090,190,3800,170,270,290,650,1150,270,280,3070,220,610,6590,470,610,3590,1320,300,0,1600,1570,1150,180,640,190,0,24320,620,0,0,190,0,80,0,2560,1130,8720,660,80,5010,320,310,910,40,9220,0,6380,2750,2000,610,480,70,1490,190,3890,1010,210,690,60,110,1470,1840,0,1090,210,490,5910,0,0,0,0,130,1300,1040,470,0,5230,600,180,130,450,110,350,2090,1170,4630,670,0,1600,0,0,0,200,0,420,9840,0,0,0,0,450,1810,280,0,0,660,630,560,0,180,0,330,2010,1500,370,0,0,600,320,580,510,170,1430,0,470,680,110,1460,7350,440,1170,170,140,3160,900,990,160,0,330,0,180,50,190,230,490,0,3650,4790,140,3280,2810,2910,1120,200,430,260,0,280,3650,7200,8600,23310,14620,4920,15150,0,0,0,0,0,0,0,0,0,0,0,2250,1480,100,800,4700,220,140,440,13970,0,870,0,0,8380,7080,40620,11430,720,10390,0,0,0,1980,0,110,10650,2770,7060,0,200,0,4370,810,0,1240,1510,360,240,670,1910,0,750,120,4870,670,4120,5490,690,400,4200,6870,0,1090,4370,340,0,40,1860,1810,580,750,6720,570,1110,2820,340,160,1910,560,1500,1050,0,30,230,0,120,10930,340,520,340,0,130,1840,200,70,90,570,60,2530,1320,390,270,70,100,160,2500,0,140,30,740,320,1780,40,0,140,530,160,1180,890,100,0,1810,720,760,2320,1350,860,2900,7710,1740,1110,770,6270,4440,2510,1330,1980,6130,300,880,0,9910,440,340,400,800,2840,5550,190,770,0,960,110,7170,3230,22320,9910,250,15180,1060,5750,5800,1550,2250,0,3180,60,250,100,1800,1430,760,240,110,4610,23290,4640,400,110,150,250,0,180,0,400,3140,780,4120,100,1020,1190,320,2970,410,0,0,110,0,550,200,140,3320,620,3290,1120,970,530,2300,1440,410,0,90,880,310,4580,330,860,2480,0,0,0,1200,670,5760,0,2460,230,1550,3150,470,480,2290,2160,70,1490,290,470,4200,3180,1110,2410,860,1480,290,4050,1110,9420,1540,380,2150,1790,6100,7240,5740,1870,0,1200,260,610,12930,0,960,490,130,1540,750,43300,2330,6710,17520,1330,810,0,1840,160,1580,2670,2390,7600,270,0,300,15190,4650,6130,110,50,11550,0,200,180,360,22510,1480,1870,1770,3960,19140,17540,5090,0,24500,1460,11220,11150,140,64110,8340,53580,5870,9610,9560,8460,2890,7170,3230,36490,14740,1980,18240,770,310,320,220,5390,160,3250,1750,390,190,2130,6030,50,510,140,0,450,0,7100,0,1340,0,1500,740,930,0,1130,130,7980,38670,1850,5100,5510,1010,26250,5030,6080,67040,820,9930,4260,90030,2450,8590,6670,1420,0,6910,21730,2090,0,460,1670,3150,1360,13850,0,37200,1330,0,0,8870,12010,21910,0,2480,2510,6220,1690,5250,120,3620,910,86840,1480,2690,5230,1170,1360,9040,900,3050,2560,17460,5890,0,940,670,1830,4380,640,1070,5290,1660,7680,9570,37740,1100,10180,2950,13840,42690,2330,1320,3990,320,130,6400,1710,51010,1520,150,210,10430,530,150,0,0,0,1850,0,0,0,0,0,13120,70,770,850,9420,520,0,90,690,5860,0,16240,1490,0,6950,4140,1180,10800,1880,840,520,0,4730,80,430,7060,1680,480,3450,2690,2355040
"arkansas","AR",2740,930,230,270,300,280,440,240,630,90,180,3170,220,2390,140,130,0,120,40,530,40,120,9220,220,0,40,0,420,80,4890,670,50,2190,110,270,0,490,110,0,5980,230,660,610,1330,140,5280,2820,800,970,390,180,170,400,600,0,150,1290,120,330,2790,110,160,5040,840,490,0,1720,1100,430,0,460,30,0,12000,270,0,0,80,0,50,160,1090,520,8400,430,500,1100,50,200,1430,390,12420,0,910,1050,1440,7050,2160,150,1800,940,910,1160,100,970,120,0,200,2770,100,530,360,90,2680,230,100,0,0,60,2050,1690,480,180,4800,0,420,60,210,170,230,1470,260,1700,380,50,1000,0,0,0,130,0,0,2360,140,0,0,0,440,1420,230,0,0,1280,1030,520,0,260,290,280,1950,630,250,0,690,90,1270,640,400,320,1900,0,1370,960,410,310,5970,160,480,80,340,4020,940,970,140,0,0,370,310,670,0,370,1620,580,9550,1090,40,1400,2550,0,0,0,100,0,0,50,350,6200,2950,33210,6330,1660,2790,650,0,0,0,580,0,0,0,0,0,0,290,1360,40,0,3540,140,430,430,2120,0,380,0,80,6390,3330,24180,1020,1750,4830,0,0,180,1530,0,50,2650,700,3140,0,60,0,550,170,0,300,560,100,60,590,0,40,50,110,1340,190,880,300,190,200,1500,1850,0,50,1130,0,0,90,500,490,140,240,2100,60,190,570,0,180,350,210,440,310,0,140,50,50,150,3020,150,250,260,190,40,140,0,0,0,370,0,1700,480,60,0,0,90,60,450,0,80,0,90,30,510,0,0,0,0,580,260,600,40,0,240,170,140,1290,240,370,670,1960,70,770,380,1450,1310,830,220,900,3550,150,320,90,3040,70,380,0,320,870,1490,190,620,0,300,130,3160,1700,12540,5880,90,10380,1180,2710,1590,640,1340,560,630,50,50,70,1320,400,520,90,240,1640,10660,2390,60,0,110,50,1290,100,0,320,1080,210,540,0,0,320,0,1490,0,0,0,60,0,310,0,30,630,310,790,490,170,100,170,240,100,0,40,380,80,1320,100,330,700,0,30,0,460,320,3520,0,580,70,1030,1940,310,60,870,1900,0,610,60,130,1040,1360,280,1430,590,490,180,2120,160,3960,820,360,1070,350,12100,3630,1870,460,50,500,180,130,6770,290,320,270,40,1030,280,20680,280,2630,3060,200,520,530,810,210,360,1410,800,2420,40,160,100,5140,1610,490,0,30,5760,0,170,0,0,6220,120,450,1330,730,9470,6980,6910,0,10290,580,7110,2160,130,30910,1750,19360,1750,1670,3440,1970,1740,3540,1210,16520,8100,1070,5660,260,350,40,0,1190,160,1400,0,0,60,550,1310,0,50,0,130,320,0,1640,0,170,0,110,130,0,90,170,0,7040,15460,3080,1190,1780,850,12890,1380,2640,34480,0,3510,3150,37840,1020,2950,1370,180,1450,2840,13830,1650,0,0,120,1060,130,2600,0,14840,670,0,2290,1680,4050,12040,0,1420,630,6130,160,1140,90,1010,100,17300,1620,570,2460,1210,620,1890,450,910,1270,6940,370,0,810,500,1010,1620,770,1100,3040,590,3530,4340,17540,710,2600,1090,3430,18030,1390,900,1150,0,0,1180,760,28430,210,50,40,3520,310,360,0,1300,0,410,0,0,160,1240,210,4890,120,460,0,4670,190,0,120,80,1200,0,7500,1080,0,3420,570,0,5620,660,400,320,160,1340,0,450,2940,70,70,770,1280,1070380
"california","CA",26660,6590,3870,3210,5480,2210,2800,800,10810,1730,3600,91340,4890,4620,240,2010,0,550,1200,2430,1760,130,138000,570,130,50,0,3520,660,39910,11040,1400,34010,1890,1670,2120,6770,2000,1870,147320,2190,6790,12680,13710,1230,63550,20590,2460,11370,1080,1040,1410,2140,4220,2150,1230,10160,2340,3690,25360,3760,2980,23620,7270,2340,0,7340,10480,7080,700,3740,600,240,120570,2910,180,110,2240,0,1760,600,13530,7910,53850,3270,1260,33500,5860,1470,6500,1290,83860,60,34100,30330,19080,8180,4590,2240,17180,5120,24580,11430,2640,3770,1740,2250,7440,14300,1650,8500,4330,2440,34860,390,410,440,280,670,8390,5130,3360,4300,27440,3100,1370,690,5060,1290,3220,15340,4320,18580,6960,4310,27850,640,120,1820,2220,2390,2550,38100,1250,340,1550,1500,3560,10810,1490,0,70,3340,4270,8870,0,1080,3200,3790,11280,10590,1090,1470,4700,980,2350,8850,2900,4750,14650,2770,4820,4720,760,14390,54840,3070,4660,2030,2200,50440,6350,6920,1640,4120,3520,1210,2980,540,880,4940,5920,210,45560,33390,680,22460,19800,8290,3860,4950,2270,730,14030,1490,23350,29380,40240,130640,99890,17760,75750,0,0,790,0,1630,3870,0,0,110,0,90,28030,8950,280,3110,37570,5770,2160,2900,129180,190,2380,0,80,56930,49270,317050,90290,8170,99540,0,1130,220,13850,0,360,69180,12370,42450,0,1410,720,14590,4120,0,7010,13560,2700,1570,4220,10800,370,4760,2390,38440,25790,25320,27690,7360,2790,24390,40720,590,3290,24830,630,530,2310,16290,14570,5090,3900,51840,2490,8360,24250,2430,2590,4040,4030,9690,3530,140,2520,2100,4960,5070,70540,2200,7170,1260,690,750,24260,190,2860,700,11660,1450,19120,14790,3910,730,2410,1540,1360,18990,0,1800,1100,6770,1320,8460,110,260,300,4440,2840,12890,6710,1440,120,2810,4560,2040,16300,6960,7660,9050,28560,10350,15300,11240,30310,14530,12850,7990,11760,41130,1590,5210,3820,76840,0,1610,900,0,16190,29190,0,5340,0,3430,1240,48570,16280,149340,47440,630,104530,4230,31150,32590,6910,10140,7880,24600,520,1020,1610,9200,10190,7120,1740,0,18570,152710,20120,6500,350,3070,10910,14230,3880,6610,3490,29750,7390,11020,3420,14840,28230,940,31020,1740,1110,690,2430,7280,2940,1020,490,28640,3490,24690,10880,6590,8380,7890,15340,4130,40,4980,6630,6960,35100,13420,2970,14950,620,710,0,7860,3750,28670,0,10090,720,10390,19910,980,1710,16560,11430,510,6360,880,3670,11780,18580,4580,21490,4180,5640,1600,18110,4170,34870,7950,830,9750,9070,68110,33160,20840,8040,560,6260,1290,1450,25910,2260,8210,1900,890,5040,6300,261780,16090,48350,83230,6600,3880,10390,11690,800,4580,0,2200,30040,860,310,290,37050,28730,12040,360,1680,70790,460,1650,5110,1090,146740,7300,16110,16580,18610,93570,102780,28680,30,133870,20350,108830,57340,900,372200,47970,280100,24830,71460,86200,47940,17140,44750,11370,224110,99000,9490,104820,3090,6570,1680,1310,19700,2250,19730,15930,1040,280,15240,44960,1800,2510,4990,480,2490,1320,27180,1710,20590,790,5930,5660,3620,1350,4580,410,58510,144310,18330,30600,47950,6560,117160,33720,28670,404500,2680,86240,25190,440440,16880,38280,45960,8890,32540,46150,141140,19350,540,0,5900,12400,11390,13670,1200,171260,11710,520,34290,36030,57380,187550,5950,25650,7710,43510,5600,26570,560,9320,2970,212690,25640,18550,25190,18670,9220,23370,3850,34260,16430,106030,16340,350,12760,13680,6680,25400,3650,7600,34590,13540,48900,97320,239980,12950,86740,28750,73310,222500,16530,4080,23900,15260,1670,39860,6290,320890,6410,1600,800,102850,5430,2710,170,9780,0,12830,0,2130,230,1200,0,48610,430,4550,2050,91780,5270,2080,440,7810,20310,790,92250,4400,470,25590,23100,5810,60620,10650,6490,2190,1590,35210,190,3620,43040,7250,3630,15670,13050,14163090
"colorado","CO",5370,1280,490,280,360,0,310,170,2040,390,500,14740,1270,2960,190,450,0,280,880,1930,450,0,40420,410,70,90,130,2570,330,7340,1460,520,4910,170,520,0,1830,180,210,34150,980,1420,1710,2680,0,12290,4430,530,2560,390,190,460,580,1690,610,380,2830,830,1090,4880,480,670,4980,600,380,0,2450,2010,1140,0,990,0,100,22020,520,0,0,370,0,90,120,1020,1300,6410,90,0,3200,2210,0,1020,0,3790,0,3570,3660,2310,0,0,520,2180,130,3950,910,180,720,160,190,1390,1160,160,740,100,190,4250,100,60,50,0,0,1610,0,430,1030,4910,300,80,30,320,0,550,2390,620,3060,640,120,1700,0,0,0,70,0,50,5320,0,0,0,80,280,1950,390,0,0,500,480,680,0,180,700,710,2210,1140,110,460,490,0,800,1660,630,150,850,110,620,700,220,3410,4810,410,630,130,700,5530,1120,950,300,1270,260,110,100,50,140,500,420,0,5120,3060,270,1890,3200,2980,680,310,0,110,3220,170,3340,5990,6540,23380,16950,2500,8770,0,0,80,0,0,140,0,0,0,0,0,1960,1400,60,620,2930,0,230,450,25450,0,800,70,0,8080,6150,31890,13650,0,6850,130,190,600,1710,70,80,4570,2430,10880,0,260,30,1030,450,0,960,3210,310,870,1390,2410,30,510,630,8650,3700,3630,5940,1810,430,3260,2280,0,710,5440,610,0,1680,2130,2400,620,880,6340,310,1300,1640,180,340,750,460,1550,0,0,130,230,430,450,5930,640,820,1170,190,320,1130,0,1010,1580,1870,150,1100,3140,2180,410,480,190,150,2830,0,260,0,810,230,760,60,60,0,680,180,2860,950,590,0,290,830,320,1170,1170,930,1540,4220,570,5100,1670,6460,2280,1770,780,2390,2360,190,490,180,11230,170,210,60,590,1460,5750,340,0,0,340,0,8440,3840,26510,13240,220,16710,770,880,6580,1670,2120,910,4140,50,270,220,2220,2460,700,0,0,3180,18730,4650,750,80,130,290,2280,420,120,1100,4430,1580,1570,60,320,1680,480,7730,1280,240,0,60,530,480,100,90,3250,580,4330,1860,1270,640,1530,1030,680,0,210,690,350,2150,300,970,2020,0,0,0,910,930,5510,0,2850,0,2670,4740,250,110,1810,3190,70,2050,290,940,2620,2000,630,4580,550,880,260,4290,260,5110,780,0,1530,3660,5010,4420,2780,1330,100,1550,210,390,13230,270,1330,550,70,1160,450,41540,4950,6690,9870,980,800,150,500,230,0,1430,1200,5290,170,50,440,0,2030,1710,0,100,9360,0,220,460,140,15330,2180,4270,1330,2700,15160,7280,8210,0,30270,1400,10540,12560,130,65140,4530,52540,7410,7490,8300,9430,2720,7550,2210,36060,16720,600,23070,0,0,300,110,3830,210,4840,1190,0,190,3190,7070,0,210,90,120,230,720,7340,0,0,0,1330,640,680,90,1340,0,8310,23640,1500,7150,6770,540,18540,6050,4890,59540,120,13750,4700,83670,2240,10250,10850,1630,3340,5590,29830,0,0,90,1930,4180,3620,6100,100,19340,1300,0,5080,3200,6430,26940,270,2470,980,7150,1240,4690,160,4660,610,43520,2620,2020,5930,4320,1520,3800,480,2400,2330,19010,2150,0,620,1050,1720,2780,370,1390,5250,2260,2600,8870,32200,940,10310,3040,6950,48460,3030,440,2440,0,220,2350,1210,44650,860,110,130,8830,250,200,0,0,0,2880,0,0,0,100,0,13590,70,1480,240,13410,230,120,200,850,5330,0,20620,2240,0,9250,2880,490,16170,1140,1220,680,700,4010,0,760,8440,670,340,3140,3310,2212180
"connecticut","CT",3270,540,0,170,450,0,230,100,960,370,0,7220,700,2310,0,0,0,0,0,0,50,0,7870,0,0,50,0,0,0,4180,830,180,2390,120,140,80,440,170,0,15480,230,610,1050,1640,0,8430,2170,140,760,0,370,120,890,660,160,60,900,230,440,3840,300,330,2350,1170,210,0,0,750,1000,80,350,100,0,10510,370,0,0,100,0,230,0,880,1240,8180,1180,320,3370,840,190,570,0,9740,0,6040,1450,760,150,100,0,1090,250,4300,2290,750,1430,130,380,3160,2050,260,1340,1420,250,7660,50,0,100,0,120,1330,3530,2030,560,2240,480,300,0,800,140,380,1900,680,2220,680,0,1000,0,0,0,340,0,60,2200,0,0,40,0,150,1040,180,0,0,140,320,1020,0,200,240,230,1100,690,0,0,0,0,580,350,470,420,950,60,790,350,100,1060,8140,0,570,280,340,2730,910,550,170,0,260,70,190,0,140,140,750,0,2880,4970,50,2020,1890,0,350,80,60,0,120,100,1650,10260,3270,13900,10530,3840,7120,0,0,0,0,0,0,80,200,0,0,0,1440,750,0,190,5850,120,0,240,9240,0,200,0,0,2260,3270,23580,4790,420,7270,0,0,0,910,0,0,7040,1400,3530,0,850,0,1420,500,0,980,1060,230,80,500,1780,0,170,280,3280,340,2340,0,680,140,4570,4110,240,690,5970,0,340,0,1240,850,440,1900,7900,150,480,1530,70,150,1040,950,580,280,0,0,100,410,0,14210,0,150,50,70,120,1640,0,100,30,1470,60,2800,810,130,40,60,200,200,1760,0,210,0,380,0,1360,0,0,0,360,0,1130,780,0,130,110,310,110,1160,0,720,2600,4650,370,2090,2490,5650,2120,2030,640,0,7760,250,450,70,7260,250,210,60,240,2200,4920,290,110,0,770,0,6160,1610,17960,9240,200,14890,2820,1410,3050,1140,2030,500,2830,80,200,260,2270,1650,810,240,0,1270,22140,3890,640,0,120,510,2170,330,50,450,2300,810,900,170,660,1930,410,5280,300,0,180,240,520,240,40,0,3350,290,1450,960,690,620,310,1020,580,0,280,610,310,1880,300,200,1140,60,0,0,770,220,2730,0,1900,110,1940,3800,200,470,1210,1910,30,740,90,340,2350,1610,140,3810,340,1030,210,3280,470,3760,1040,0,990,1720,7780,5260,1710,880,110,660,140,370,6900,1450,980,480,80,730,540,33280,1620,3830,7430,390,570,120,670,170,700,1840,1220,3310,360,0,0,3880,2340,930,90,120,6980,0,260,270,280,11610,1180,1500,3190,2420,7870,6380,3530,0,13840,1840,10090,7740,130,29790,5480,28430,3510,3430,6270,3860,2150,5820,1530,30550,8020,430,13350,100,580,0,0,3110,160,2300,0,0,0,1050,1660,60,170,170,0,430,0,5790,0,2330,120,650,180,160,40,270,0,8610,23510,1150,3670,4500,1990,15300,4240,2670,38800,0,4190,2520,51540,1940,6450,5590,650,4980,3970,15200,1120,0,210,160,800,940,1120,0,24280,630,210,3750,2610,5630,18140,0,2010,820,5140,740,2280,60,1290,230,31790,1130,1120,1670,1470,1550,1760,90,1410,1290,13290,680,0,450,570,1280,2600,180,1040,4570,1170,4520,6680,23150,620,8220,1520,3930,31850,0,310,1500,950,90,5080,1680,32340,730,100,80,8120,80,40,0,0,0,700,0,0,0,0,0,4690,180,620,170,6010,0,90,50,200,890,0,7320,480,0,3060,490,270,6800,1070,480,180,190,1740,0,0,5130,0,70,740,1170,1475400
"delaware","DE",990,0,90,230,180,30,130,0,500,50,0,1950,0,40,50,100,0,0,0,0,0,0,1190,0,0,0,0,0,0,1570,390,50,540,70,30,0,210,140,90,5890,0,150,570,490,0,1950,460,150,430,0,150,0,210,180,0,50,150,0,140,1860,0,110,900,0,90,0,360,260,140,0,90,0,0,3530,160,0,0,120,0,0,0,480,1150,1280,0,0,290,50,0,130,0,730,0,3570,410,310,4270,410,0,210,50,570,70,0,250,0,70,200,220,0,0,0,0,420,0,0,0,0,0,0,0,0,0,420,0,0,0,40,0,30,300,50,730,40,180,130,0,0,0,50,0,0,940,0,0,0,0,140,230,0,0,0,0,70,100,0,90,0,40,420,100,90,50,0,0,650,60,40,0,0,0,190,110,0,560,940,0,0,60,0,730,70,190,0,0,70,50,160,0,30,80,160,0,340,590,0,630,680,0,270,0,0,0,0,60,480,2160,1590,3910,2300,530,3500,60,0,0,0,0,0,50,80,0,0,0,310,240,0,210,900,0,0,70,3470,0,200,0,0,1060,920,5400,0,280,0,0,0,0,440,0,0,860,610,1230,0,70,0,860,120,0,210,170,0,0,80,0,0,0,500,810,0,410,120,170,120,480,820,0,0,690,0,0,0,0,320,60,130,1260,0,490,180,0,50,60,80,0,120,0,0,90,140,0,1840,0,0,50,0,0,250,0,0,0,0,70,290,410,60,0,0,30,60,340,0,0,0,230,0,130,0,0,0,50,0,110,640,0,0,30,210,0,310,0,0,280,1030,240,450,360,1200,540,420,180,0,810,40,70,0,2590,0,80,0,120,430,1210,60,0,0,70,0,2020,440,4220,1970,0,2650,0,340,430,0,310,310,350,40,60,0,410,260,0,60,80,840,3440,870,40,0,0,0,260,0,0,110,450,180,430,0,0,80,0,680,90,0,0,0,40,0,0,0,520,110,600,130,140,50,0,150,0,0,0,80,0,410,0,130,340,0,0,0,180,120,1110,0,440,80,300,760,60,50,360,380,0,200,50,30,440,160,90,640,300,160,60,1450,120,1460,0,0,340,380,2120,860,410,430,40,370,50,140,1690,0,410,90,0,250,440,4080,90,850,2130,170,160,0,220,40,0,310,50,430,160,0,0,0,430,90,0,30,1810,0,0,100,80,3490,470,310,740,490,3380,720,2670,0,4100,120,2010,2110,0,11720,1320,6950,1130,1270,1520,1770,690,870,290,8630,2120,260,3050,50,0,120,40,650,50,660,610,70,0,140,1420,0,0,0,0,200,0,1770,0,260,370,0,30,0,0,250,0,1580,3880,240,980,890,310,4080,760,610,11800,0,1180,770,17750,300,1070,1990,160,430,1190,2810,280,0,0,0,610,90,0,0,5320,210,50,990,1180,2090,7730,0,500,170,1360,380,980,0,800,0,9300,150,490,650,720,480,960,200,490,610,2440,40,0,130,290,250,660,50,270,1030,440,620,3260,5440,220,1400,880,4010,7120,0,150,0,120,0,870,460,6380,400,0,0,2220,60,140,0,140,0,230,0,0,0,0,0,1820,0,220,50,1650,180,0,0,0,400,0,1920,230,0,1120,340,0,1800,170,0,110,200,420,60,100,970,0,0,200,490,371070
"district_of_columbia","DC",1460,240,0,150,70,0,490,0,270,0,0,5420,130,0,0,0,0,0,0,0,0,0,31000,0,0,0,0,0,0,910,0,0,160,0,0,0,0,0,0,11080,0,0,0,0,0,390,130,0,80,0,0,0,0,0,170,0,0,0,0,330,220,0,80,160,0,0,0,230,1960,0,40,0,0,4820,0,0,0,40,0,50,0,310,220,260,0,0,0,0,0,0,0,0,0,3010,290,290,0,0,0,0,0,500,0,0,0,0,0,0,0,0,0,0,0,140,0,0,0,0,0,0,0,0,550,50,0,0,0,0,0,0,550,240,400,110,90,40,0,0,0,290,0,0,650,0,0,0,0,0,80,0,0,0,0,0,0,0,0,0,750,0,200,0,0,0,0,0,0,0,0,0,0,0,0,0,3180,70,0,50,0,0,0,0,0,0,0,70,0,0,0,0,0,0,0,0,1280,0,80,480,0,0,640,0,0,0,0,260,1230,450,500,1690,420,4460,0,0,0,0,0,0,30,0,0,0,0,2140,0,0,240,1370,260,0,110,2330,0,90,0,0,80,520,1990,3040,0,220,0,0,0,590,0,0,1180,950,2710,0,180,70,910,1430,0,4360,1930,50,0,0,310,0,50,80,990,420,460,0,310,160,240,1770,810,160,780,0,0,0,2690,320,120,0,3850,0,180,340,0,0,0,0,310,0,0,0,60,0,0,7110,90,280,260,0,60,690,0,570,60,250,0,40,1390,0,0,670,7420,510,430,0,210,0,240,70,1700,0,0,3790,3280,0,0,50,0,0,3620,50,0,410,0,290,180,1490,0,930,810,2090,580,540,690,0,2020,120,110,180,31470,0,0,100,0,1480,5400,0,60,0,280,0,990,60,2770,1440,0,3090,0,2840,800,210,650,270,330,180,130,420,1160,550,300,40,0,1540,3770,1300,650,0,0,110,1850,0,0,120,1650,880,130,250,340,1900,0,440,0,0,0,0,220,190,0,100,1580,2390,16540,3000,800,1290,460,620,650,0,100,180,730,1430,150,0,260,0,0,0,250,100,800,0,410,60,430,670,120,200,380,380,0,110,100,440,750,480,130,390,140,150,50,1440,70,950,130,140,280,120,1720,1780,510,290,0,410,50,70,4910,270,1030,40,60,150,80,26610,0,650,1640,260,40,0,0,0,50,0,0,0,0,0,0,1110,1690,2790,0,0,5250,0,0,100,0,15140,250,220,1140,1170,3710,2030,1620,0,6200,350,3430,4310,200,8750,1680,8720,1650,4730,4330,2560,1370,18510,60,15030,4250,30,660,0,30,0,0,350,0,410,0,0,0,0,210,70,40,180,0,0,0,1150,70,50,120,0,670,780,0,500,50,1750,5260,160,1080,580,920,1580,2630,420,9270,0,510,0,6500,730,260,1410,420,560,500,980,60,0,0,200,640,0,230,0,5180,300,50,4520,200,840,3840,0,500,300,940,130,530,0,0,0,6150,660,590,1120,230,400,200,0,60,810,4370,320,0,80,500,150,310,0,150,1080,630,890,520,2740,0,6140,4290,1710,14720,1330,130,420,290,70,370,1280,10000,710,40,370,19820,0,0,0,0,0,2630,0,40,0,0,0,1190,0,180,60,2190,0,0,0,0,560,0,3560,210,0,570,0,0,1110,520,290,0,0,470,0,0,890,70,180,0,130,599560
"florida","FL",14800,4390,1050,2330,6680,470,4380,1210,6650,2200,1450,26860,1320,2970,420,1470,590,0,100,30,1660,60,77000,90,0,0,0,0,110,28990,5870,550,16780,2130,750,1010,4280,1350,380,75640,2630,5890,12910,9430,1080,45810,10950,810,4770,770,3170,1300,2630,4170,470,920,7560,1400,1060,28700,750,2680,12160,1460,620,0,6080,7080,2910,0,3930,340,140,83440,1850,400,0,1890,0,850,0,5820,2780,24040,1740,390,9930,1370,160,4070,2220,39160,0,10990,12340,9650,4200,360,460,4470,500,11270,1800,430,1610,120,130,4300,3830,210,1840,430,220,9680,300,80,130,330,110,3240,610,920,2930,12840,600,170,110,810,0,1190,8630,1770,18970,3360,3050,7430,330,50,0,740,110,300,21060,220,110,380,130,1450,4340,900,0,0,1110,2560,4220,0,340,1680,450,5800,3500,640,110,230,610,1620,1380,1000,570,5100,190,1630,1860,660,6550,13940,1070,3020,850,3030,15330,2620,3030,530,240,1960,170,580,230,270,2370,2680,170,8320,7600,390,8160,10960,4640,4490,500,1780,570,9020,160,10330,20320,25980,77660,50660,10820,18050,890,0,0,0,850,0,2820,4020,1040,0,150,17190,4210,210,1190,11690,870,530,2210,33070,100,2820,0,100,20300,25650,126850,15520,1880,37120,0,330,0,5020,0,270,13560,7310,17420,0,580,110,6340,830,70,1710,4800,1470,520,3320,2490,140,650,420,16930,2100,6250,5220,2530,910,9750,10710,270,560,6980,100,130,0,5120,6160,860,2460,11460,730,2930,5400,250,680,2070,750,2100,5250,80,230,290,860,260,20390,1750,1550,260,260,40,1940,0,540,460,2370,130,4810,5320,570,230,450,210,450,2720,0,1470,80,1920,170,2470,0,60,0,1760,210,2060,2010,120,0,340,1400,1480,4150,200,2960,4440,11230,3030,3990,2820,9780,6390,3190,3250,4420,11730,600,2160,1190,47590,200,550,310,1330,4970,24430,1120,4090,0,1180,120,19160,11490,73190,31880,380,44070,8090,14120,18090,2000,2240,2260,13060,160,360,280,5970,2410,640,0,600,9820,44150,4670,1120,250,580,1370,1270,770,470,2260,12500,4730,8490,280,790,5960,1340,7030,670,0,110,690,1740,1670,450,430,6380,2270,11210,4340,2250,1830,2770,4250,1970,0,570,3680,880,9160,1380,2070,5900,0,510,0,2950,1940,21490,0,5290,820,6140,12480,1190,580,8590,7260,170,3610,670,2920,10150,7070,3380,11010,4270,5120,1660,10330,1140,27660,9060,490,6940,8510,44820,12130,10600,4930,320,2230,510,1150,25560,1760,950,2280,70,5340,2480,77340,8220,17970,50550,3860,5300,2290,4870,360,1910,3930,2970,24250,810,0,1240,32930,20850,6130,0,490,39020,0,540,3550,400,85510,4190,7630,3150,8240,62790,11160,12950,0,101520,6550,58490,42510,150,228350,37770,217790,13840,34940,36330,28930,10090,15880,9430,121760,82510,10530,82520,2610,1790,490,320,12190,1250,11830,3540,0,910,7810,32270,0,1310,970,150,2570,0,24620,120,3130,1020,2860,10800,4760,290,1790,70,35760,25020,3830,13870,21070,6150,88970,15820,22610,240010,1210,29780,15130,339070,11160,30060,24860,6700,20020,22110,95130,4900,90,1380,2940,17510,1980,27870,280,96140,5940,430,16260,20410,32340,94170,590,6700,3140,31070,3710,13240,350,6030,2710,233430,3920,15590,18910,11790,4320,16340,660,7890,7750,80770,17240,0,6140,4050,6120,10720,1420,3760,19660,6140,10400,32620,135660,4080,36010,10410,20540,174800,6150,2070,16250,2730,410,18070,5330,163290,3150,280,330,42770,1410,530,0,2650,0,6470,0,0,0,970,150,41370,700,4640,550,41610,970,830,0,4980,11360,330,57090,2860,250,15450,5160,0,35080,3870,3910,2170,1310,17700,180,4150,23060,2460,980,15930,7460,7349340
"georgia","GA",9690,1340,260,400,3900,60,2090,140,1860,1150,460,19000,860,2610,350,750,0,0,60,0,400,30,34010,450,70,90,0,0,120,14090,2190,500,9180,1650,390,430,2570,1090,220,36360,880,1710,8680,4710,330,21890,7210,750,3580,810,340,390,640,2820,0,0,2300,480,1240,9220,820,420,11510,2930,1520,0,6020,2410,1400,70,960,0,40,43310,1130,0,100,520,50,170,130,3280,1830,21230,2810,630,3850,150,380,1430,660,48540,0,6900,5060,4470,10420,3960,610,3350,0,5390,2020,290,2700,550,640,6050,4120,160,1140,740,0,7310,90,100,30,40,0,4110,1560,1000,770,10750,1270,440,170,440,130,760,5850,1040,6590,1500,380,4770,110,40,0,420,2140,1380,7650,4750,10690,3120,70,880,2260,220,0,0,2280,2900,2160,0,320,870,590,3090,3320,1340,60,320,260,1710,1140,760,550,5000,540,2730,2340,570,4090,16070,430,1300,250,580,16090,2090,1990,230,110,840,760,350,330,370,840,4410,1600,15600,7140,560,7910,6560,6750,890,730,900,510,0,890,3520,17900,14440,56120,26120,2910,17000,1290,0,0,820,1260,0,100,310,0,50,0,3340,3240,400,1250,8820,220,620,750,25630,0,980,0,0,29150,8060,117740,13660,3250,23880,0,100,0,2910,0,350,15460,4940,11310,0,260,0,2510,730,0,1470,2380,880,140,940,2620,100,340,570,9400,1370,4230,5830,1790,1260,6310,9040,0,460,4810,90,230,60,2760,2800,380,1170,12520,240,1760,3840,260,640,1010,750,1430,1720,30,740,220,0,780,16270,290,850,410,200,280,1390,0,100,80,1310,0,4940,1160,280,40,380,380,180,2070,0,340,0,470,80,1830,50,80,40,1130,610,1200,1270,140,0,750,690,450,4200,270,1470,970,9550,240,2550,1050,6670,4320,1330,3190,2510,6240,480,620,490,16870,550,530,150,1400,4790,8170,690,330,0,1170,0,13280,6360,51990,27240,580,25600,1830,6750,5670,4290,2800,1420,5900,60,200,160,3200,1630,1740,530,80,5310,36000,7750,530,200,310,1430,3190,640,260,1110,6390,1700,4650,840,2030,4360,0,5050,150,0,90,550,730,630,130,0,4420,980,4830,2180,990,770,1140,2040,810,0,550,1310,540,8310,1010,1060,2530,0,0,0,1760,950,9630,0,3770,280,2820,5240,610,480,3710,3500,0,1900,540,2080,4710,5180,670,5980,1740,1640,490,9030,840,11980,680,390,3530,2940,26510,7470,5860,1460,230,1110,290,510,10920,920,1030,780,240,1930,840,90520,2260,9760,20980,1220,1530,950,2060,370,0,3580,1750,12380,550,60,620,16190,4730,3200,450,250,24360,420,440,970,0,28840,860,3400,2310,4130,27860,23160,14690,0,32510,6330,30700,10410,380,112540,11930,79130,4810,8110,14900,12410,4450,10900,3190,53000,24040,4230,22520,850,1150,0,0,3210,280,5110,0,0,50,3400,6650,310,250,190,230,1450,0,8200,160,550,580,1340,880,580,490,850,0,19070,19740,2630,4470,7910,2120,36740,8060,5560,110850,0,9820,7570,141860,4810,12280,7240,1890,8610,9840,58500,2300,0,470,520,10370,2140,4110,0,40640,3800,100,7980,13450,13700,42950,0,4460,1770,13000,570,5260,80,3970,540,103170,4460,2860,7140,3800,1800,4780,450,3710,3500,28490,0,0,4230,1990,3410,5990,1780,2220,9900,2750,11110,22640,59880,1790,17400,4070,13110,60320,5240,2040,4080,470,370,11160,3010,83920,1500,210,210,22730,650,660,0,1590,0,2420,0,0,110,1700,160,12460,520,940,0,17770,870,130,0,430,2930,0,29440,1130,0,9960,1720,0,16820,2760,1050,990,860,3780,0,1260,9960,70,110,2560,4400,3797560
"hawaii","HI",940,170,70,140,210,180,130,70,750,0,60,970,280,0,0,110,0,0,0,0,0,0,4770,0,0,0,0,0,0,2330,360,140,980,110,0,0,350,100,70,4840,0,460,1290,530,0,2690,960,0,450,0,30,0,130,290,0,0,230,0,60,800,200,90,710,160,30,0,370,330,260,0,60,0,0,7190,0,0,0,0,0,170,0,650,80,1380,0,0,0,0,0,0,0,470,0,390,1420,580,570,100,120,590,160,460,0,0,0,0,0,280,0,0,0,0,0,260,0,0,0,0,0,150,0,0,90,610,50,0,0,0,0,110,300,0,1710,570,40,390,0,0,0,100,0,0,1160,0,0,0,0,0,170,0,0,0,0,60,100,0,40,240,70,360,230,0,0,370,120,0,70,0,70,70,50,100,110,0,660,570,230,120,0,0,720,40,210,0,0,200,0,40,0,0,100,0,0,720,540,160,620,1230,1030,300,120,250,0,0,0,2290,1430,1720,3510,4680,1330,1190,0,0,0,0,0,0,580,1300,0,0,0,1670,540,50,150,510,620,0,190,790,0,90,0,0,720,1810,7490,730,180,2500,0,0,0,600,0,0,2470,260,1390,0,0,0,320,0,0,360,620,140,50,200,0,0,0,0,2150,180,900,470,190,160,60,1480,120,0,680,0,0,0,670,560,180,70,640,0,140,550,0,0,0,50,580,80,0,0,110,0,110,2150,140,290,140,0,0,310,90,50,60,120,0,220,640,50,0,140,140,160,790,0,0,0,430,160,280,0,0,0,360,60,610,0,0,0,120,240,60,570,110,650,370,1510,0,290,180,1790,1000,570,330,50,1750,30,500,410,2040,0,50,30,130,540,1140,90,300,0,210,0,1610,100,6170,1930,0,3610,0,1840,1890,0,650,360,1230,0,30,50,550,200,190,0,0,1260,6880,890,140,50,0,40,300,50,30,140,480,70,850,60,0,690,0,990,0,640,0,160,610,160,0,0,0,100,1160,240,70,120,150,610,120,0,0,440,160,1730,0,80,550,0,0,0,400,200,1560,0,260,0,280,890,0,70,320,570,0,250,0,260,640,720,490,910,230,170,80,840,80,1810,0,120,350,350,1280,1410,630,450,0,460,0,170,4200,360,240,60,0,290,190,11070,1390,1600,3140,240,150,120,270,60,50,630,450,1780,0,0,50,1560,2550,470,90,40,2690,0,0,80,0,9770,110,1010,670,1630,5060,2350,1580,0,8410,1260,7710,3200,70,12880,5470,16110,2220,5130,4050,3530,1350,2110,740,13070,11930,660,7020,70,250,0,0,1130,100,570,0,0,0,720,1260,0,320,0,50,0,0,1030,0,360,0,270,1380,800,90,1340,0,2620,3940,630,950,2380,310,6360,1040,1310,16130,0,1900,600,23110,330,1020,660,670,730,990,3420,420,0,50,330,250,160,310,0,6970,790,50,1240,750,1520,6460,0,790,300,2040,70,1200,0,810,50,7610,680,600,2360,390,290,790,310,510,1060,3440,2760,0,890,350,200,790,120,440,1100,390,600,2000,8630,590,3160,720,1420,9880,430,410,690,690,0,650,120,12480,120,0,40,2190,70,0,0,0,0,520,0,0,0,0,0,2490,0,290,170,5190,220,250,0,380,950,0,5570,110,0,2230,1010,490,3890,250,340,0,130,2050,0,100,2260,300,500,880,970,558070
"idaho","ID",1030,420,160,180,80,70,310,100,370,0,230,1450,830,1270,0,120,0,0,0,0,0,0,2660,490,0,0,0,0,180,2480,620,0,890,70,230,0,570,90,0,3970,210,250,530,650,140,3620,1610,720,530,260,100,140,250,400,230,300,1020,0,240,1880,160,400,1550,550,350,0,540,430,170,0,240,0,0,5900,200,0,0,60,0,0,0,730,240,3070,110,0,0,0,0,350,110,6000,0,420,820,1010,0,100,570,1250,690,680,590,160,0,0,0,190,0,0,80,30,50,1340,0,0,0,0,0,220,0,40,130,2780,160,0,0,110,100,120,560,120,800,120,100,560,80,0,0,80,0,0,2520,0,0,0,0,140,960,120,0,0,1210,510,290,360,110,230,150,920,260,260,0,0,50,370,520,120,120,390,30,200,80,130,380,1630,50,360,0,0,2550,230,280,70,0,120,0,90,0,0,130,360,0,1620,860,0,880,750,0,140,0,90,0,0,90,700,2670,2560,11940,3200,630,1230,0,0,0,0,0,0,0,0,0,0,0,300,350,0,30,660,30,220,130,2240,50,180,0,0,2560,2150,7730,1240,370,2450,0,0,0,430,0,0,2200,410,1440,0,40,0,390,50,0,200,280,40,180,290,0,0,0,70,1940,330,1230,0,530,120,910,1400,0,190,820,60,270,0,570,660,120,170,1130,0,280,660,0,40,220,60,160,260,0,200,180,30,90,1990,580,270,280,330,0,130,0,160,50,320,30,570,440,110,190,190,0,0,420,0,50,0,290,120,310,0,0,0,50,450,810,240,50,330,0,330,100,520,2330,0,380,1440,0,1080,1910,1470,550,510,460,630,2630,90,210,50,1970,90,60,0,140,660,860,60,370,0,80,140,1130,370,7190,2760,0,5230,210,1400,1320,190,330,340,620,0,30,0,600,580,200,0,40,500,6980,950,60,50,0,60,990,0,50,240,1130,150,420,0,0,180,0,1870,0,0,0,70,0,140,80,0,1110,240,540,400,210,130,0,290,120,0,0,180,160,1250,50,230,370,0,70,0,270,240,1440,0,550,0,400,1000,60,80,550,470,0,460,0,90,580,570,210,1510,340,280,90,930,100,1760,390,0,640,580,2390,1830,1010,420,50,340,80,0,2040,0,370,90,0,310,370,12250,260,2110,3020,230,570,70,380,150,340,610,310,1770,0,0,70,1930,1670,400,110,40,2370,0,60,0,80,2800,570,530,970,690,3450,6730,3160,0,5760,940,3870,2890,100,11350,2370,11410,450,1470,2720,1870,970,1220,660,9130,5120,210,5900,270,230,0,0,880,180,1120,0,0,30,740,1220,0,30,0,0,70,0,1570,0,90,0,70,60,80,110,90,0,1830,10840,560,1490,1270,550,6090,1140,970,15190,70,1460,1700,25270,630,1590,1290,140,940,1080,6430,670,0,0,150,800,150,2020,0,6550,390,0,1300,1740,2480,8540,50,790,390,2790,70,1150,0,780,160,17590,450,630,1470,1140,480,1250,300,710,410,5460,620,0,140,350,470,860,120,490,1500,230,1320,2860,6810,240,1790,540,920,8780,410,120,410,460,0,530,160,16420,190,50,0,2090,230,190,0,1260,0,430,0,0,290,710,130,2970,0,300,0,5010,230,150,0,120,1800,0,5800,180,0,2590,1110,230,3660,240,830,280,0,1620,0,90,1840,0,0,840,420,589520
"illinois","IL",9730,2790,280,450,500,100,450,170,2540,1210,520,22050,1650,6510,680,790,0,130,170,280,360,0,54880,240,190,110,250,180,210,14550,3650,500,7890,0,790,630,2070,620,340,51350,1650,2230,4210,6770,400,27980,9010,1470,2640,2070,450,520,680,2090,0,170,3120,220,1160,6640,3670,2120,12160,4500,1270,0,2840,3560,1400,460,910,610,0,58940,1330,0,0,600,0,380,730,3050,2930,24620,210,1010,6920,790,2050,1010,390,43730,70,13840,7390,7650,3060,4910,490,8640,1550,12890,4220,1310,1790,810,690,5390,9570,800,3480,2570,1030,33940,680,310,290,170,430,5200,8540,5260,2030,13080,1790,1540,40,2250,400,1460,9360,2490,9540,890,1460,3350,220,0,0,700,180,270,13380,0,0,880,0,990,2630,550,0,0,930,1130,1490,340,590,1170,3180,3900,0,1130,970,850,200,1700,610,0,810,6140,490,2520,1610,830,6850,23710,820,1150,490,1960,20000,2430,2230,220,0,820,430,540,380,470,1610,3310,0,15520,14030,410,7120,5760,7350,850,900,1350,120,11560,730,8290,22530,13170,66550,45750,8110,29390,2870,0,50,970,2390,370,670,990,0,0,320,4510,2970,110,1070,13350,930,1210,1610,26180,0,520,300,0,26520,17910,145060,12570,2290,51330,120,0,100,3240,160,230,24150,4450,14170,0,1590,140,8360,1270,0,3830,4790,400,270,1070,370,40,350,720,10710,1430,5500,3120,1590,660,13270,14450,0,740,14500,250,620,190,4830,2630,810,3640,15740,0,1930,3810,400,420,1900,2630,4650,1270,50,460,470,1260,750,35170,200,580,540,120,200,2820,0,690,0,3380,290,7630,2740,290,80,590,360,770,3930,0,800,80,690,70,4210,0,70,40,1070,710,1150,2120,90,680,830,810,690,8360,490,3400,3340,10340,410,5150,2970,12150,5050,3360,1770,2190,12780,1000,2090,1210,30250,160,540,220,0,9020,10390,840,1620,0,2210,230,19230,4030,60960,31080,160,44360,1320,17440,8770,5080,6910,2440,10040,260,370,760,6070,6480,2710,470,240,4290,58250,12100,1730,280,270,1140,8280,1450,160,2190,9630,2400,3480,410,1290,3290,470,9230,1820,0,0,780,1350,1260,430,240,9430,1480,5810,4700,1680,1460,1390,2590,1180,30,320,2000,560,0,400,1650,4540,0,250,0,2210,2490,12010,0,2850,450,4800,11030,840,1120,5010,6040,120,2620,410,1990,6070,5440,1280,8250,2150,2450,780,12610,3730,19330,3780,470,2780,3840,20140,13130,8140,3200,240,2070,590,1130,38730,930,1780,2460,1720,4860,2960,121040,3530,12280,20620,1910,1610,760,2150,550,1550,6430,3530,17170,420,0,580,14290,8530,2710,130,590,32780,50,430,1060,150,49370,2960,8330,3680,4810,31790,18980,15500,0,43900,6260,36610,26410,380,140420,20420,91370,11670,19410,16900,14510,6240,0,4440,86230,33390,1420,34450,1350,510,500,110,4760,820,8580,1930,0,490,4730,8940,100,930,170,130,1220,0,16420,0,3750,1080,2180,1740,1150,470,840,0,17200,43150,4010,13350,21230,4020,43500,10150,8140,127700,410,10660,8990,186820,8850,14730,18760,4740,11180,12630,69240,2700,0,390,2330,3890,3520,7420,0,44280,3230,590,8200,11920,15190,55350,380,5200,2490,20870,3380,6750,210,5340,740,121130,2080,4080,6650,4250,6890,8740,3530,7370,3660,40010,5500,0,5330,2490,3770,7090,1100,3270,15300,6010,13300,31500,105570,1950,36590,9270,14190,84550,6450,1920,9140,580,1030,9850,5480,140700,1230,490,660,34280,250,390,0,1400,0,4220,0,120,0,0,0,11160,0,2860,0,24720,1560,470,0,1710,4570,0,31260,1060,0,11550,1760,430,20330,2650,1020,720,370,8380,0,430,15860,260,610,5050,4120,5168630
"indiana","IN",5460,1850,570,600,760,50,360,210,1210,160,250,8440,970,4140,160,630,0,0,50,40,350,370,13600,90,0,180,0,150,380,11700,1750,410,4280,200,310,400,1060,940,0,20010,650,940,1390,3190,450,14160,8120,1180,3530,620,270,320,790,1710,0,950,3080,450,720,5760,290,490,12730,2040,2260,190,2310,2750,500,70,1510,170,0,33090,1320,0,0,240,0,330,80,2220,800,24750,0,300,6320,800,0,2000,2210,82450,0,2530,3300,2500,3760,630,370,3070,1010,3900,7320,910,5150,1880,4290,1060,11610,500,4280,1780,360,17420,2050,510,150,250,590,15510,3070,4280,410,14040,2650,1770,250,2010,230,940,4490,2100,4130,540,230,3640,30,0,130,550,0,400,4640,0,80,410,60,1920,3850,1520,0,0,1690,4470,580,0,210,810,550,2740,2020,780,200,0,150,1430,690,1080,1190,4740,390,1810,2940,1020,2060,19220,340,860,450,380,9080,3900,2310,590,0,420,760,1120,110,250,1030,2380,0,17760,2870,50,5090,5100,710,530,0,640,100,660,150,1790,14170,11550,52640,17110,2470,8310,2070,0,0,270,1490,0,760,320,0,200,40,1590,3240,140,270,4340,290,1270,1830,8460,80,1010,90,0,18370,7320,72920,3540,4270,22490,0,0,60,1850,40,230,5770,1750,7590,0,230,0,1390,660,0,870,1120,240,90,920,210,70,780,400,2890,310,3420,2640,520,470,8870,3450,0,870,8120,50,0,0,1910,1280,310,1450,4630,0,800,2230,260,270,2820,1230,1590,830,0,0,130,240,0,7820,30,360,210,100,100,1470,0,210,70,2280,0,6390,820,280,40,970,0,380,1300,0,180,0,580,100,1480,0,30,0,200,630,1430,1570,0,0,1180,630,280,2640,90,1090,900,3960,620,2210,1010,6100,4470,2080,1020,1850,6480,260,810,240,7360,70,90,0,790,2140,3790,780,1240,0,750,0,5080,2460,26910,9730,200,19020,1320,4950,4750,930,1990,520,2750,120,150,100,2170,1980,770,210,550,1690,25730,4520,300,110,70,70,3360,700,40,1370,4030,800,1750,70,340,960,360,6870,240,0,0,480,450,600,130,110,3880,890,3110,1380,730,510,770,920,610,0,80,1080,230,3750,100,540,1970,180,100,0,1100,730,6360,0,1090,200,2670,4570,410,410,3890,2440,80,1180,300,1550,3920,3150,450,5010,1180,970,390,5870,370,9830,1710,160,2820,1370,16090,7940,3850,1750,220,2140,400,590,13020,1090,1820,1180,100,2270,630,49210,1210,5430,12330,780,1110,240,2020,310,1250,2000,880,7710,220,0,560,7420,3710,1120,0,70,11550,0,250,220,410,17160,1640,3230,2340,1710,22240,8300,12650,0,27090,1610,20450,12270,330,85810,6880,52880,5780,7020,8460,7980,4020,9060,2240,44630,17520,970,17110,1090,530,620,100,3280,110,3760,2460,0,0,1810,4570,40,50,120,0,1060,0,6650,0,540,0,810,580,170,240,490,0,9580,27790,1610,4080,5540,1720,26520,6210,4380,70440,330,9460,5650,92400,2370,9260,4070,690,3630,7560,30610,1430,0,180,320,2390,1040,4510,160,26470,1850,90,3770,4790,8900,31440,230,3800,1260,10650,440,4510,110,1450,630,49170,2000,2300,4410,4110,3050,4460,770,3020,1860,16720,490,0,1190,950,2070,4750,1220,1710,7030,1950,6180,23310,38810,1740,7870,3240,11040,39210,2000,770,3770,450,290,4360,1470,57280,910,140,740,10940,180,140,0,400,0,1150,0,0,120,210,40,10140,1030,1870,120,14280,500,200,0,460,4250,0,16920,710,0,8230,1030,140,14560,970,700,470,710,3810,0,470,10120,120,250,2760,4060,2684160
"iowa","IA",2720,850,120,250,1030,100,370,0,640,90,220,4470,450,3330,0,420,0,0,0,0,150,90,10270,0,0,40,0,0,0,4990,1300,70,1990,0,70,40,570,160,0,9630,350,420,320,1730,170,8480,4030,2140,1800,0,150,520,600,640,0,200,1320,220,550,4300,230,720,6660,660,1150,0,1920,570,280,0,530,130,40,14430,400,0,0,150,70,0,0,770,1190,9500,0,0,3320,0,940,590,320,19480,0,1850,1790,3040,3980,5610,320,4040,760,1710,2640,380,740,230,250,1760,2840,140,930,250,220,4150,200,210,90,80,400,2530,3900,1050,930,8590,910,270,80,300,70,450,2170,740,2270,210,410,860,0,0,0,250,0,30,5180,0,0,0,0,260,1690,420,0,0,350,1930,190,0,120,550,300,2030,690,870,150,70,330,590,770,1030,190,2830,60,1090,720,230,1360,6290,190,510,160,280,6230,2340,660,280,0,290,90,230,410,90,640,920,860,6580,1920,120,1880,2290,50,220,0,140,50,0,280,1580,5330,4070,37620,9280,1670,5660,700,0,80,0,570,0,70,70,0,0,50,940,790,90,120,1330,0,1190,950,6900,0,600,0,0,6130,3810,29100,2430,1110,6410,0,0,0,1090,0,100,3350,690,3590,0,710,0,570,200,0,960,480,220,0,350,0,150,80,200,1970,280,1320,300,330,140,2530,2240,0,100,2370,0,0,0,1460,840,220,880,3450,0,850,1000,90,110,530,380,830,280,90,330,1640,110,200,8770,80,240,440,90,40,920,0,30,90,380,0,3220,640,70,0,40,50,0,650,0,70,0,210,30,600,0,0,0,0,1360,1090,480,0,0,110,190,80,1330,400,840,1270,2550,340,1470,1700,3140,1420,990,510,610,4580,150,320,100,3280,0,70,80,390,1550,0,230,750,0,400,210,3830,980,17190,6270,30,12030,530,2050,3250,580,1200,250,1910,0,140,70,1430,1300,750,90,210,1830,19030,2690,170,40,50,60,2400,400,0,600,2330,390,780,0,0,660,130,4810,170,0,0,110,0,380,70,0,1770,800,1500,1070,500,360,540,280,440,0,60,550,80,3390,50,730,1040,0,0,0,650,360,3480,0,1090,100,1050,1850,190,210,920,1340,200,1270,160,520,1230,1330,410,2470,390,860,150,2620,450,4330,170,110,710,740,6340,5560,2150,780,50,670,240,260,5630,280,350,420,50,960,330,25900,820,2970,4900,430,1010,370,820,340,280,920,450,1640,30,0,220,3110,1220,370,120,60,5140,0,60,60,240,5890,460,1980,2350,1240,8800,3720,7520,0,12060,1900,5640,8070,160,40890,6770,24180,2810,2270,3600,3520,1810,3360,990,23870,10220,440,7860,1170,290,730,150,2490,90,1800,1340,0,70,770,1910,0,250,0,0,690,0,3360,0,150,0,190,0,90,340,220,0,7850,16230,680,3510,4140,860,12700,2480,1900,42200,180,4040,3790,44500,1790,6340,3040,400,3020,2000,15830,1120,0,70,90,1040,250,2740,0,10810,460,130,2010,2370,4310,19630,250,1060,550,8420,440,2100,150,1540,660,29170,1020,850,3890,1500,1640,4350,1160,1230,1000,8310,0,0,530,630,1070,1620,310,1420,3920,1370,2860,5690,19140,880,8490,1650,4720,20130,1270,360,1240,470,190,3350,2020,29880,860,140,180,4200,210,380,100,250,0,840,0,160,0,40,0,6230,0,830,0,8180,220,90,0,340,3380,0,13490,540,0,5710,970,90,8000,480,280,350,830,1820,0,390,4340,90,220,1150,1870,1363960
"kansas","KS",3330,360,310,340,470,0,490,0,600,290,0,5000,290,1530,280,220,0,160,220,740,50,0,8330,0,30,40,0,1180,190,5510,870,140,1870,710,200,310,480,200,100,12010,150,370,1740,1210,0,5860,2550,1470,1270,840,170,200,310,720,160,240,1280,300,400,2200,230,180,4610,1030,390,0,1750,1360,0,0,440,120,0,13490,330,0,0,210,0,50,0,900,570,7430,0,160,1360,70,90,1910,0,14110,0,1180,1420,900,4080,4210,0,970,550,1870,1840,540,550,220,170,0,1710,240,1080,250,240,4420,0,40,0,60,160,1320,1460,990,330,5650,460,190,770,90,0,550,2730,1050,2100,370,80,750,100,0,70,140,40,70,3900,0,0,310,0,90,880,210,0,0,170,830,0,0,70,560,90,1380,610,140,330,1030,0,620,200,330,300,1810,190,570,1060,310,500,5990,170,540,80,280,6160,1360,550,170,0,160,250,200,60,0,700,510,0,5560,1470,0,1910,2650,0,520,90,450,90,0,0,400,6660,4490,19810,8340,1310,5010,0,0,0,0,0,0,0,0,0,0,0,0,980,60,360,1910,90,1460,410,5330,0,500,0,0,4840,3870,19600,2850,0,6140,0,50,740,1500,0,60,3250,980,5040,0,490,0,1160,230,0,480,840,170,140,520,2370,30,0,130,2130,430,2070,980,430,180,2210,2560,0,160,2520,0,0,140,630,570,250,1100,2910,420,1270,960,0,90,570,380,0,500,30,300,450,40,70,3900,150,250,190,0,0,600,0,0,100,490,0,1800,640,260,0,140,40,300,1230,0,110,0,260,0,730,0,0,0,260,360,690,500,110,0,0,380,320,1150,90,350,980,2190,350,630,710,2320,1060,900,370,720,3810,120,310,30,3650,30,50,60,310,1180,1860,220,510,0,230,0,2300,1410,14570,5770,120,10480,760,4410,2290,600,940,300,1050,40,130,140,1420,920,510,120,300,1000,18910,2270,330,0,40,100,1340,170,210,520,2000,390,1130,30,150,530,0,3730,650,0,170,260,150,440,30,0,1490,490,2020,550,540,300,590,340,190,0,0,420,70,1610,60,510,1050,0,0,0,600,500,3010,0,1050,70,1170,1710,120,320,1120,1370,0,720,160,110,1690,1420,240,2380,370,540,140,2730,120,4360,780,90,880,600,7380,3440,2120,920,50,780,130,260,4100,1100,160,490,40,1100,420,19620,510,2940,4580,290,720,830,910,220,300,1790,1140,3570,80,0,60,3960,2050,870,120,0,5900,0,180,80,90,6280,260,1730,1100,1180,10180,7550,5930,0,9250,2440,10510,4240,210,25980,4650,22720,3040,3680,4000,3660,1650,3380,1360,20770,7050,750,8720,500,0,190,80,2160,0,2200,350,0,60,1110,1730,0,220,30,110,450,0,3060,0,820,0,230,50,80,290,140,0,6320,17500,1690,2630,3860,1120,12790,3410,1810,36480,120,4250,2910,39580,1570,3910,1780,310,3030,2420,14990,680,0,300,210,710,340,1910,90,13600,1260,30,2800,4080,5320,15850,170,2070,650,5860,330,2060,140,1240,280,29900,850,1040,2690,2520,1120,2470,990,1410,1250,9230,380,0,670,600,1070,1710,520,1260,3410,810,3520,7250,20720,1250,8070,1540,2790,28480,1370,720,1980,120,250,1660,980,24870,720,90,80,4410,150,540,0,500,0,610,0,0,0,0,0,5700,30,520,0,5560,410,190,0,170,2280,0,10030,610,0,6440,910,230,5680,450,390,260,0,1880,0,560,3870,250,60,1020,2170,1216310
"kentucky","KY",3030,1170,380,230,970,0,1020,230,910,280,440,3890,370,2320,190,190,0,0,0,120,250,300,8280,660,0,0,640,130,750,6840,2510,240,3320,0,190,140,800,150,50,10610,370,610,1610,1550,340,8710,4000,860,2750,510,330,240,530,400,0,180,1260,230,540,3800,270,210,8620,1510,1020,0,2560,1070,1180,0,570,0,0,19270,480,0,0,180,0,460,120,1520,500,11970,0,260,1710,100,800,910,0,46840,0,1300,1140,1570,1230,0,730,2330,790,1540,1560,250,1930,480,1670,330,7050,180,910,340,340,6140,550,360,50,0,0,2920,2270,1860,480,7640,1180,230,50,380,190,450,3080,1080,2470,520,0,2640,40,0,0,320,0,110,4140,210,0,280,0,110,960,240,0,0,1670,1450,1910,0,150,560,390,2410,1060,460,300,0,280,1930,600,870,380,2130,70,950,1350,540,1420,11700,140,330,0,160,8880,1610,440,560,0,240,1040,170,130,190,540,2350,220,8190,1490,520,3940,3660,0,300,0,210,70,0,60,2360,10180,5490,27040,12460,1780,4140,710,0,0,100,0,0,1030,1500,0,260,70,600,1980,100,230,1260,0,670,720,5080,0,780,0,160,16300,3970,53020,1960,0,11100,120,40,230,1650,360,300,3420,1130,3280,0,0,0,930,90,0,630,750,110,110,530,130,50,70,480,2730,0,1300,550,400,190,4590,2580,0,90,3240,190,0,0,920,610,450,800,2440,0,1330,910,150,140,960,440,700,660,0,70,160,370,80,6450,180,250,180,140,50,650,0,0,90,920,40,4020,960,220,0,150,70,80,1060,0,160,0,300,80,960,0,0,0,370,340,680,620,80,0,80,270,60,1940,190,890,1260,3540,240,2140,870,7800,1740,820,530,0,4020,140,580,40,5350,50,380,0,290,1500,3020,40,220,0,420,110,2800,2540,18800,8180,0,12540,190,3440,2660,1520,2100,550,1060,0,110,0,2240,1010,310,0,570,2390,16150,4170,230,0,90,140,1610,270,60,570,1870,410,1640,0,0,920,100,2240,160,0,0,50,230,660,0,70,2010,630,1530,780,290,390,430,320,300,0,40,470,240,3750,90,400,840,70,120,0,850,490,4450,0,1000,110,1630,2480,210,120,2510,2100,0,1020,0,220,1760,2200,350,2230,1060,840,290,4770,100,8420,340,180,1800,1480,10520,4480,4530,810,110,1650,330,430,2540,780,290,500,60,1770,690,26190,550,4440,8220,590,850,200,1060,280,900,1600,1030,3660,110,0,740,6640,1950,670,0,30,7200,0,230,140,0,11050,440,1120,2040,890,14640,5600,11260,0,16040,1950,6930,4070,140,68350,2260,29370,1510,3420,3820,5580,2170,3580,1240,24250,12480,850,9090,190,900,0,50,2770,460,3560,0,180,0,1030,3820,0,0,30,260,440,0,3250,0,130,0,380,140,60,120,490,0,12220,14740,830,2030,2860,3660,16270,3390,2680,49550,190,6080,3560,57080,1330,4190,2900,220,3870,2830,18320,1200,0,40,80,1980,250,1380,0,20240,1860,0,2410,2470,9100,22060,0,2250,710,8650,1200,2090,120,3040,200,35160,1370,1410,3700,4330,1600,2860,770,2010,1840,15160,1600,0,2460,1080,1560,2810,780,1260,4460,910,3480,8760,28210,1380,5180,2940,5740,29050,1670,380,1680,170,50,4310,1170,23620,810,140,30,3490,250,210,40,140,0,700,0,0,80,310,80,7270,530,840,0,6360,250,0,0,250,2240,0,9880,1240,0,6840,710,70,8130,720,510,690,220,1920,0,270,6450,0,180,1010,1540,1650310
"louisiana","LA",2100,2870,280,1850,3510,930,2560,130,880,0,390,2350,1070,1410,550,280,0,410,1060,2270,480,0,17430,0,0,0,0,2940,800,9140,920,140,3680,200,400,150,960,40,130,11010,220,930,1760,1900,390,7700,3100,370,2800,350,150,300,270,630,0,80,2770,0,650,4130,320,200,7230,2830,1300,0,1080,820,430,0,270,0,0,26770,590,750,0,280,0,4270,120,3940,300,10840,0,40,170,0,80,2260,260,5300,0,820,1460,2110,2750,810,60,810,220,1250,800,70,370,0,250,1240,700,200,170,190,50,5030,0,0,0,0,0,380,200,270,230,15540,630,180,380,0,120,230,1460,330,3280,380,0,690,0,0,90,300,0,100,3670,0,0,0,0,50,470,0,0,0,430,300,610,420,0,480,280,2440,1050,4550,770,6080,1340,1380,320,530,220,1670,50,510,710,180,1140,9350,570,600,40,440,1910,750,950,120,0,220,370,90,0,60,170,640,0,6030,920,180,3350,3850,110,750,60,290,0,0,210,1170,8230,3350,22610,14480,2220,1900,670,0,0,740,580,0,6590,7700,0,1010,560,1610,1420,110,200,2430,0,610,3110,1420,180,810,0,0,6470,4310,45230,1180,590,3260,0,2070,140,1350,0,890,3560,510,2780,0,0,0,1120,50,0,310,1090,140,0,920,0,0,50,2380,3170,210,1380,730,490,650,1750,2980,280,60,1990,0,140,1880,4020,1150,230,1000,1930,0,570,1460,0,370,320,160,1770,1200,0,0,80,0,0,4840,50,600,630,0,0,140,0,0,60,750,130,1420,1280,1100,0,50,40,0,600,0,220,0,70,110,710,0,0,0,210,170,200,2050,740,290,90,450,190,1510,120,540,650,3710,0,2310,740,1090,1740,1210,570,1050,3490,180,280,0,6840,180,260,0,210,1500,4070,400,780,0,390,70,3230,2550,23510,6600,90,13930,1500,1010,3290,1620,2420,430,1330,80,170,90,1750,2070,340,0,0,1910,15200,3960,220,0,40,240,1660,350,0,790,1730,400,700,0,1820,960,0,1750,230,240,260,80,390,340,210,90,1510,440,1670,490,220,220,70,700,180,0,270,360,430,1690,210,400,870,0,0,0,850,190,4550,0,570,70,1660,2970,360,290,2190,2420,220,730,140,130,2650,2540,400,2000,900,940,420,0,520,6150,1210,490,2020,1120,20580,3320,2850,1220,100,1290,680,190,8310,1210,310,620,180,1450,1160,29920,440,3790,6830,310,1090,750,1540,260,1160,1960,1650,6490,110,0,400,8430,2900,2160,0,160,10510,90,270,370,290,16640,990,920,1810,1850,17240,5910,5510,0,16690,4110,33090,9190,90,29030,4900,38810,3870,7380,5380,5490,2540,6980,1000,28240,15100,1480,8780,370,250,730,400,3110,200,2190,3220,120,320,2080,1860,110,80,0,150,610,0,2830,30,1150,140,270,480,270,230,680,0,8210,33410,910,2320,3090,590,21600,2660,1980,71140,1040,5660,4300,61120,1490,6330,2140,430,3040,2760,22980,220,0,120,290,1180,200,420,0,20610,2430,100,4460,3390,5290,20950,670,3070,750,9290,240,2300,40,2110,1280,21510,240,2350,3640,630,290,2480,490,900,1350,15350,1110,0,530,1400,1510,4200,980,1230,4710,1090,2540,6760,23680,830,14640,3590,2150,33340,870,410,2480,380,240,1760,580,39220,210,50,80,3600,470,260,0,280,0,500,0,210,90,1120,140,11910,1670,480,0,11920,270,210,0,380,2640,0,16270,590,420,7740,0,310,10950,1240,560,790,2790,4930,0,890,9980,110,790,670,1040,1722150
"maine","ME",950,240,270,260,660,0,0,60,480,0,0,750,150,1830,70,200,0,0,0,0,100,0,3430,0,0,0,0,0,0,2110,440,70,730,0,0,100,1060,0,0,4390,70,260,150,800,0,3820,1250,90,780,0,220,120,380,380,0,160,0,0,180,1870,130,130,1380,230,370,0,380,510,150,0,150,0,0,4630,110,0,0,0,70,300,0,360,190,2970,0,90,460,0,0,720,340,2450,0,420,1220,600,1030,30,80,630,140,410,740,100,190,0,0,410,280,0,290,90,40,1360,0,0,0,0,0,260,190,60,160,1710,60,0,250,150,80,60,350,180,920,0,240,690,250,0,0,0,60,0,1260,250,200,90,0,40,640,60,0,0,720,710,290,0,0,190,320,720,360,0,0,0,100,70,310,120,80,330,30,400,360,100,360,1300,120,80,0,40,1960,480,300,60,0,0,270,0,0,0,140,0,70,2020,810,0,390,840,30,70,0,0,0,0,270,400,2190,2410,8410,4450,820,1720,0,0,0,0,0,0,200,170,0,30,0,130,610,0,50,810,0,260,190,1630,0,630,0,0,1960,1020,5940,310,510,2070,0,40,0,1040,0,0,980,300,1510,0,130,0,330,100,0,420,200,0,60,230,0,0,40,60,1060,0,430,210,200,80,690,1580,350,80,920,0,0,0,610,480,190,750,1430,0,400,360,0,70,360,170,800,330,0,40,0,230,80,2710,0,0,80,90,0,190,0,0,70,140,0,620,410,110,50,0,0,30,260,0,40,0,110,0,270,0,0,0,130,40,530,130,0,0,170,120,50,570,40,210,440,1320,0,290,550,1500,770,1180,350,350,3060,50,60,0,1740,30,130,30,80,540,1170,0,0,0,100,0,1220,920,5850,2980,0,5860,0,920,1120,500,900,160,1150,0,100,80,750,870,170,0,0,530,7300,1410,100,0,40,30,690,150,70,240,810,160,1100,0,0,250,0,1860,0,0,0,0,50,170,0,0,570,190,1070,430,100,150,150,70,180,0,0,110,100,970,0,140,370,0,0,0,230,140,1420,0,800,40,910,1390,50,80,470,720,0,340,40,150,900,420,540,1230,190,190,70,1620,110,2040,350,0,440,740,1250,1740,1320,330,0,250,50,140,2890,600,240,150,0,250,90,12360,310,1170,3450,500,290,90,590,210,170,350,290,2220,70,0,140,1640,440,580,120,0,2060,0,180,0,0,1920,570,520,1070,750,3620,910,1820,0,4980,1920,7020,3180,60,9700,3920,11740,690,800,2550,1220,600,1090,420,10530,4000,220,4880,0,240,0,0,1350,60,810,0,0,60,250,830,0,240,0,0,230,0,1130,0,190,0,80,0,0,0,90,0,3050,13340,840,820,1170,260,6000,910,810,16000,0,1530,1370,20190,520,1820,720,180,1690,620,4250,140,0,90,180,200,180,1400,0,5220,490,0,1030,930,2350,7400,0,620,460,2450,130,840,80,1070,100,11090,560,220,2050,1040,320,810,290,1230,510,3660,260,0,230,200,700,980,100,720,1550,480,1090,2040,8750,500,1810,840,3430,10360,280,200,530,130,150,1560,210,11310,150,40,50,1110,0,60,0,180,0,240,0,0,0,1150,50,2260,0,190,120,4170,0,0,0,0,550,0,2570,340,0,1860,340,90,1950,340,0,440,160,1460,0,210,2180,0,0,370,760,527810
"maryland","MD",7060,910,920,1410,1130,250,1300,340,2410,1580,430,9980,710,850,470,210,0,0,0,0,460,260,21060,0,0,40,0,0,0,9660,2130,290,3630,0,280,310,1350,530,60,26510,230,1930,2150,2610,500,12600,3890,300,2700,920,650,140,660,1470,130,160,1640,180,1580,5930,460,540,3290,970,130,0,3250,3120,2230,90,880,250,0,21890,390,0,0,410,0,270,0,3230,0,6810,0,0,2980,340,110,520,80,3630,0,5970,3560,1550,600,580,0,1660,590,5110,710,220,470,0,190,1930,700,70,240,220,60,3110,0,0,0,0,40,560,390,230,440,2400,290,0,0,130,30,770,2380,960,4610,570,670,930,0,0,0,400,0,220,4540,0,0,0,40,270,950,240,0,0,180,280,480,0,120,360,790,1670,660,370,360,220,290,870,480,340,120,1070,90,300,360,90,4900,4440,370,360,590,670,4580,340,420,200,0,400,100,170,50,60,450,830,0,3600,2980,150,3720,4790,0,420,2490,100,40,0,180,6000,11430,7370,23470,21780,4770,15760,0,0,0,40,0,1140,510,580,30,0,0,2820,3170,220,300,5300,0,160,700,12890,0,1510,0,150,7880,4550,40360,15640,950,5510,0,0,0,2580,0,50,5230,3660,14340,0,420,160,3880,3000,0,1350,2350,400,470,890,3180,0,660,710,7610,3690,4730,4750,1340,720,2660,5060,480,700,4990,0,0,0,4830,1110,400,1220,9270,450,1110,3940,170,420,650,540,1700,750,100,240,170,1640,1970,11150,430,3540,490,70,340,5010,0,1140,590,3240,130,1280,2010,440,50,1580,650,880,2130,0,520,30,990,180,1640,180,80,100,2230,280,3520,1080,40,0,590,440,380,1830,130,3150,2540,6130,1310,2390,1970,4720,3960,2320,1890,1770,8200,450,660,380,11490,1190,200,70,510,2170,6200,2440,1090,0,910,0,9330,2310,24960,11550,0,21780,770,1800,6360,2340,3320,900,5090,270,120,440,2940,1880,1040,210,0,6510,15760,5430,340,120,120,290,2530,290,0,660,3260,1300,1140,200,890,1730,140,2990,0,0,0,110,590,320,30,0,4800,410,3430,2210,1980,1110,890,1380,350,0,290,970,280,2460,130,470,2390,0,260,0,1010,600,6490,0,2740,230,2710,4850,230,350,1500,2500,0,1540,160,5140,3840,5310,420,3560,1330,1370,420,4750,260,7300,460,410,2030,2890,11640,9900,4080,1270,70,1250,230,210,11740,380,2820,560,110,1480,1590,47850,1770,5690,10800,1300,700,0,1560,240,2120,3710,1830,4050,170,0,130,7260,3800,960,110,170,13710,0,150,410,90,27720,800,2170,2830,2340,18620,7640,4440,0,17940,4110,16120,10080,100,48940,9410,42360,6630,10580,9680,7160,4280,11900,2650,41550,14480,1290,16950,400,1470,0,100,4720,290,2710,0,0,0,2340,7300,50,300,200,0,520,250,8560,0,2170,1790,660,380,580,170,380,0,9750,14330,1390,6550,5510,5120,26820,6850,5400,77520,0,10300,3730,69470,1210,7140,3530,1650,6030,5550,16720,950,0,450,660,2130,1030,1260,190,38060,1420,190,6750,4270,8010,23570,80,2810,1860,7900,670,4830,370,0,950,46910,1460,1970,3400,4390,1710,2390,630,2410,4220,19490,1890,0,640,770,1450,3350,290,1380,6760,2890,4390,9300,39610,740,9760,3290,11850,61760,4640,780,4130,750,490,2580,2070,46300,1600,310,240,18450,170,150,0,250,0,2850,0,120,0,90,0,14770,60,1980,280,13830,510,130,170,370,3260,0,19120,990,80,5170,2210,180,12850,1970,1240,200,420,4660,250,880,11130,0,640,1370,2640,2306300
"massachusetts","MA",6800,1170,530,870,1670,100,530,130,2340,620,730,20300,1200,2110,260,720,0,0,0,0,140,50,11550,0,0,0,0,0,30,9850,1710,450,3260,0,190,0,1880,210,210,35730,200,1380,1330,3740,450,15230,4410,50,1550,0,820,120,500,1420,320,170,1270,520,860,8090,1290,530,3620,1600,450,0,2900,2270,2060,0,1080,130,0,23410,570,0,0,380,0,340,180,1680,1940,11270,80,130,5560,1820,70,1080,390,15130,0,13700,3800,1970,2070,0,360,3110,330,6520,2750,540,1340,690,510,3230,2600,240,1450,880,570,7660,160,40,130,0,170,2010,2340,1050,1530,3050,920,340,40,1110,190,910,4040,1050,5330,1010,1390,2600,0,80,200,410,440,310,5330,320,330,150,50,350,1640,180,0,0,300,590,1650,0,170,720,900,1750,1440,350,0,0,180,1050,1030,610,600,2350,210,1170,1500,280,2800,8930,480,880,460,340,8470,2100,640,330,590,470,770,350,70,390,1270,1080,0,8210,11790,90,3110,3710,0,390,1180,0,150,2260,640,4510,13690,9610,24840,22200,9900,14130,0,0,0,290,0,0,390,380,0,170,0,3890,3430,250,620,6880,350,190,520,31150,30,1110,0,40,5380,4450,36350,27630,2080,16320,0,0,0,1680,0,70,14860,2940,10260,0,1100,70,4590,2640,0,4200,3050,770,90,1100,1080,0,2880,1010,7370,2960,8350,3780,2630,640,8340,13040,250,780,9180,0,0,0,2390,2360,900,1530,15540,0,730,5170,750,650,2090,1670,1960,580,100,310,50,0,1400,28640,260,3460,300,110,260,9710,70,360,480,2860,390,5220,1770,170,50,260,0,520,4900,120,900,80,1200,0,2800,0,40,50,650,100,5470,1970,30,0,1240,640,40,2670,110,2400,5010,7240,330,6830,5920,11970,12610,5810,1840,1050,16760,800,650,200,17440,0,140,90,0,5090,7880,280,480,0,1540,0,15610,2960,27900,18610,240,25650,2560,11020,6370,4000,4440,1630,9740,250,590,390,4670,3290,1980,300,0,4010,37060,7210,1060,0,170,1050,0,770,360,1020,5020,1530,2010,190,810,2430,450,7290,340,410,0,500,750,500,260,130,7350,1060,6820,3430,2700,1580,1830,2020,880,0,300,1210,550,5550,390,580,3210,260,320,0,1880,1020,7920,0,2620,220,4940,8420,600,870,2660,4140,0,1590,410,660,6210,5320,650,5920,1600,1940,730,6220,2040,8700,1840,260,3890,2940,15890,13380,5640,1520,230,1170,170,630,27020,1120,3360,1270,310,2420,1110,71880,1870,7690,16370,1610,730,740,1780,340,110,4040,2890,11910,190,50,0,6400,4750,1900,90,320,17550,0,430,1080,0,21590,1400,3390,6630,4650,18810,7080,7970,0,28100,4000,17290,17680,110,57700,27500,61350,5500,8280,14870,10280,4490,6260,3360,53960,18530,1220,22850,0,1080,0,0,5690,210,4680,0,0,0,2400,4080,50,330,210,0,680,0,11440,0,4890,520,1020,680,970,310,1690,260,12560,42190,3550,9990,9790,7350,28010,6060,5040,72200,0,7560,3890,107880,2840,7430,9530,2310,7250,18130,24380,1370,0,440,1120,2330,3670,2830,90,37580,2340,340,7070,6170,9410,42930,0,3760,1220,10110,1850,5830,180,2300,460,61890,2610,2060,3760,2820,2650,2760,840,2760,2370,20380,3510,0,1110,2190,2550,3730,610,2370,7980,3250,6050,14630,48980,910,23150,4220,22240,43310,2390,1530,3040,860,490,6900,2030,63080,1480,340,560,22540,190,0,0,320,0,2310,0,260,0,0,0,10760,290,1650,500,17440,510,180,0,720,1940,0,18980,670,270,6000,1490,700,15320,2250,1190,770,490,4900,0,550,10990,350,160,2020,3990,3069190
"michigan","MI",5370,1450,410,560,600,0,670,90,2110,310,170,14790,970,3390,90,930,0,50,80,350,610,0,26280,150,0,0,0,320,60,14230,1890,200,5960,230,690,110,1550,1180,320,30510,390,1190,2490,5110,0,20800,7440,760,2540,230,1130,480,1160,2530,600,400,3180,330,1530,8170,650,1210,18780,1910,2910,40,4680,960,870,80,1750,0,50,41710,860,200,0,440,0,380,0,2240,1230,27320,0,180,10020,320,4850,3530,470,105140,0,5800,5420,3690,1330,710,590,4200,1040,4580,10220,2130,2800,1380,2690,1760,18430,920,4680,2710,1150,26540,1020,300,1190,300,1160,14120,8080,12810,690,12080,3120,1660,190,2120,730,1050,4810,1620,6250,670,890,3290,110,0,140,1210,0,370,0,30,0,0,30,480,1680,680,0,110,1180,2640,600,0,280,1960,820,2380,2440,840,960,450,190,2480,1440,570,1690,4620,230,1970,2280,620,4890,26900,560,1300,140,1070,14700,3620,1410,800,0,630,290,880,0,350,1520,3370,70,20130,3870,190,5260,4700,0,1160,380,370,280,0,400,3600,13420,13140,53040,27620,4240,15250,410,0,160,0,480,0,220,220,0,0,100,2850,3370,60,310,3730,560,480,1180,20090,0,1120,0,0,16590,9010,71450,12040,1330,24600,0,80,210,3790,0,40,10090,2680,8450,0,420,0,1580,660,0,1300,2130,490,360,1210,1330,0,220,670,7590,1470,9780,3030,1490,690,26660,6110,0,1300,42080,50,0,130,7410,1860,540,4310,8730,60,2420,3180,550,250,4790,4560,2300,1120,190,0,330,550,330,13670,250,250,290,310,150,2790,0,410,120,2920,370,10410,2140,400,90,1550,270,400,2750,0,270,70,670,0,2640,0,40,0,440,240,1110,2240,120,140,530,840,270,2390,310,5480,1840,5800,320,2580,2700,13490,6070,3730,1310,2630,9480,340,2460,1730,14850,0,470,300,780,3770,5570,880,1720,0,680,60,7740,2330,39850,15260,270,19970,1410,6260,3900,1080,2060,1170,5590,110,290,160,3110,3560,1140,120,0,4330,36780,6570,1070,180,350,460,5000,6600,210,1160,5830,1480,5020,100,350,2180,170,11480,300,0,170,730,1490,760,270,60,10090,1350,5290,1510,1000,730,1040,1560,780,0,130,1340,310,5170,510,1440,4000,60,90,0,1760,1240,9050,0,4550,450,4810,8300,420,600,4120,3130,320,2080,410,520,7090,6390,1100,9880,2100,2430,710,6580,1060,12230,1140,160,3500,3000,14980,10980,5240,3370,460,1670,230,930,30420,2600,0,1140,60,3960,1620,58040,2230,9480,22300,1890,1860,560,2490,450,1030,2450,910,5600,220,0,590,9850,5120,1840,190,180,16100,0,250,310,510,24900,1290,3210,4620,2930,27660,14110,8830,0,36240,4390,20530,17640,140,114410,10180,79900,5990,8790,15210,11460,3940,8140,3440,59850,22840,850,30840,860,1530,1070,640,5820,350,6360,3430,230,170,3120,7770,100,570,250,40,1420,0,10840,0,770,110,1010,800,460,440,1100,0,16900,37870,2060,5400,11160,2060,34670,11710,6850,92860,800,11790,9090,147440,4140,10850,6750,1930,5650,9070,54300,1630,0,190,590,2620,2550,4490,0,32410,2210,320,5640,6760,15530,38940,590,3330,1870,15550,930,6480,90,6330,590,89370,4390,2290,5280,3990,4400,5210,1050,3120,3060,31230,3280,0,1670,2150,2070,5180,0,2830,11950,3520,8020,21270,58270,1310,11070,5380,21150,59710,7500,820,5040,1850,560,4540,2200,102910,1390,340,230,0,350,340,0,650,0,2070,0,30,150,760,0,11290,210,1950,0,18160,1030,280,0,750,4070,0,22510,1220,0,7070,1290,120,20370,1620,1260,680,0,3880,0,380,11870,210,0,2660,3480,3757710
"minnesota","MN",6320,1470,170,600,240,0,290,0,1100,340,310,13740,620,5230,550,730,0,0,0,0,560,0,24500,0,0,50,0,0,80,6980,2870,120,3840,110,720,30,1210,290,390,27130,590,1080,1380,2360,300,10770,5970,1720,3540,330,410,220,690,2160,0,310,1530,460,430,2770,610,560,6870,720,930,0,2520,1400,430,0,1030,120,0,22170,620,0,0,260,30,180,560,1890,3460,11730,0,180,8100,2600,290,1040,230,23300,0,6480,2900,2310,4280,5430,350,4580,680,3810,4560,720,1700,280,840,1750,8570,400,2090,270,370,12820,240,260,280,40,260,2690,1620,1600,1400,9290,880,380,140,1390,170,1810,6320,3700,3030,850,670,2160,120,0,50,0,0,160,7540,50,70,50,0,0,2600,440,0,0,1170,2010,1080,0,200,700,1140,2300,1080,420,220,490,260,450,740,910,580,1800,370,2410,1360,560,3330,9240,230,720,680,1520,10200,2770,1140,490,80,450,280,210,250,590,650,1890,0,11000,7800,50,2690,3000,2980,540,360,590,160,3780,0,3660,15720,8770,34580,14750,3920,15660,1000,100,30,740,620,0,0,70,0,0,70,2230,2200,0,320,7180,0,620,950,14760,0,1120,0,120,10140,6990,37830,8990,1520,11840,0,0,0,1900,0,130,12590,2420,9180,0,400,0,2530,890,0,1880,1830,280,250,760,340,0,1160,450,4230,1600,3990,1500,900,490,8660,6930,0,370,7040,370,0,0,2690,2260,440,2260,10150,100,2250,2360,260,290,2950,1380,1530,790,120,650,650,1020,360,14710,590,510,730,300,210,2290,0,130,250,1680,190,5590,1660,220,350,0,350,120,3320,0,210,0,1050,30,2350,0,0,0,260,1020,990,1470,100,0,160,690,50,2030,530,800,2420,4020,1080,4140,3580,7210,3110,2950,1470,1380,13820,540,840,340,10450,430,140,110,470,4260,4770,360,1360,0,1160,60,6580,3230,28360,10630,110,20820,630,7490,4170,1460,3410,1270,5980,80,200,160,1690,1340,790,470,80,2970,32050,3140,760,70,120,390,2740,640,110,980,5710,770,2480,240,490,1070,170,4050,270,0,280,280,510,760,390,50,4200,760,4460,2880,1200,940,1510,880,530,120,140,920,230,3330,260,850,1700,0,0,0,1190,700,6050,0,1910,130,2370,4030,250,550,1620,2520,100,1510,190,1360,4050,3480,400,4800,960,1540,240,5190,350,7680,280,60,2100,2460,17070,7530,3950,2080,290,1590,200,760,25200,0,1360,500,0,1450,320,41480,2190,5630,9550,1250,1370,450,1040,350,540,1840,610,5940,120,0,140,0,3330,1290,0,140,8850,0,40,210,400,10950,0,3000,3010,2290,15090,400,7570,0,25530,1300,8840,17270,230,66370,15060,50230,7430,4040,7270,6550,2510,10760,2340,45610,15390,460,15260,350,0,480,190,4360,180,3220,2150,840,0,2190,6690,120,150,180,0,610,0,9680,0,1260,0,710,330,460,370,720,0,10140,67420,3650,5140,8010,1680,21700,6250,3570,63650,660,6090,4930,84730,2840,7440,8180,940,4790,6550,32800,2060,0,70,410,1820,1790,2660,60,22940,910,0,4870,6170,8010,33560,420,3210,1430,7890,2740,4120,30,2410,920,56610,2410,1920,4730,2800,1150,4530,940,2170,5650,17880,5530,0,1360,950,1230,4140,340,1530,6420,2300,5570,13950,33440,800,13760,3380,11200,29860,2690,550,3110,700,370,4950,2950,53070,1140,470,70,12480,180,310,0,330,0,1520,0,60,0,470,0,6070,60,1300,90,14600,530,60,210,520,4990,0,11330,1390,0,10360,1100,380,10590,1870,770,700,930,3930,0,740,8570,360,200,2180,2860,2501100
"mississippi","MS",1330,600,140,270,930,110,690,60,390,0,0,1510,80,2360,150,110,0,0,320,340,160,0,3220,0,0,0,0,320,260,4530,590,70,2040,110,190,120,470,310,220,5480,0,280,1020,1160,180,5700,2370,610,1310,190,150,80,230,380,0,120,1300,0,390,1870,150,190,4320,1270,1050,0,2090,720,410,0,220,0,0,12300,510,0,0,160,160,130,0,1820,380,7320,0,300,1890,0,380,1350,0,19710,0,530,840,1240,7610,2520,0,0,0,770,700,110,330,90,380,280,1680,70,840,80,90,1940,80,0,40,0,230,620,430,350,150,6280,1040,170,0,0,80,130,770,130,1630,480,280,3800,0,0,0,0,0,690,2250,150,0,340,0,3520,670,140,0,0,1510,1780,390,0,190,510,290,960,540,730,0,0,0,600,400,180,290,950,340,460,510,380,500,4310,60,210,90,250,3060,660,430,280,0,120,350,80,480,120,410,650,0,6200,470,0,1700,1890,200,480,230,140,0,0,150,730,5260,3740,22460,7130,890,1750,0,0,0,0,470,0,190,850,0,0,60,380,900,30,140,700,0,150,620,860,0,550,0,0,5650,1880,28530,850,1910,4400,0,50,60,1200,0,340,1460,360,1140,0,50,0,220,60,0,270,270,0,40,520,110,0,0,150,1630,290,950,520,400,150,1630,3040,390,90,1170,0,0,0,380,540,120,400,1170,0,960,1150,0,180,410,730,480,560,0,0,100,0,40,2920,190,290,590,180,80,300,0,90,60,0,0,1650,450,360,0,300,0,0,370,0,70,0,180,0,570,0,120,0,200,220,390,340,210,0,0,230,100,950,230,190,630,1990,100,940,510,2560,1530,820,510,520,1970,80,200,70,3070,70,90,0,310,980,1780,70,240,0,190,0,2350,1130,15390,5780,370,9040,1400,940,1120,870,1160,660,1300,0,40,0,1450,800,350,130,360,1120,11100,2470,110,70,30,0,1620,70,0,330,870,230,680,0,0,270,60,1290,0,0,0,190,0,240,0,60,840,230,1370,380,90,140,130,170,130,0,0,200,40,1430,0,110,770,0,70,0,510,200,2740,0,190,0,910,1700,160,230,1540,1410,230,450,110,110,1490,1670,490,1250,510,690,230,2210,240,3760,440,360,1330,630,8990,2580,2490,370,90,490,200,280,4470,3570,160,280,0,920,380,24110,160,2240,2650,290,440,190,800,190,390,850,770,2700,270,240,150,6550,1370,880,40,40,7450,0,190,0,360,10400,320,290,780,960,9120,10920,7370,0,9530,2280,9110,2430,170,19750,3010,19390,2240,1920,2540,2810,1440,990,780,16990,10740,890,5860,70,0,980,410,1000,0,840,3870,90,30,470,1090,0,100,0,0,190,0,1420,0,0,0,210,220,0,60,140,40,6410,10630,530,960,1660,770,11860,1570,1480,38690,720,2580,2530,39600,860,2700,610,70,1240,820,7180,100,0,30,240,850,120,0,0,10670,1100,40,2250,2290,3670,11940,570,1320,860,4770,200,950,0,1910,840,16370,1280,930,3160,1620,690,1700,470,770,920,6070,90,0,350,620,1400,1280,0,840,3080,350,2370,5620,17330,860,3310,960,2530,23100,660,470,880,300,50,890,390,17210,280,0,50,1480,370,250,0,480,0,270,0,0,510,1820,90,4190,330,200,0,3490,0,30,0,160,640,0,6380,910,40,2360,130,0,5860,310,340,0,380,1330,0,460,3980,0,170,500,1810,1003550
"missouri","MO",5270,1330,530,990,810,40,660,0,1730,430,270,9980,330,5510,240,770,0,0,0,0,250,0,14710,420,180,200,0,0,270,9440,1970,360,5640,120,320,240,800,410,320,24130,630,1530,1760,3360,190,15460,5120,1200,2670,630,320,370,730,1780,150,320,3040,0,510,5520,390,760,4000,3250,800,30,3520,1920,720,0,1350,220,0,30930,1070,80,0,230,150,50,190,840,1330,12690,0,760,4480,0,990,0,430,23380,0,3730,2880,2780,4140,890,810,5650,1410,4280,4570,330,2330,350,290,2090,3100,230,1890,610,450,6500,270,480,50,0,220,3520,2450,1880,1790,8120,1030,250,210,810,230,1110,5600,1950,4610,510,600,2090,780,0,0,240,0,0,7350,0,0,30,130,850,2460,100,0,0,1590,1140,2170,0,200,1000,470,2660,1240,840,220,280,70,2090,1260,440,0,2930,140,900,1460,440,0,9340,240,770,210,0,7400,1250,1360,810,330,800,280,340,590,280,1000,2700,250,9800,2590,310,3430,3240,0,540,240,240,210,0,50,2260,11760,10640,42400,15380,2910,11330,1420,0,0,1220,890,0,110,0,0,50,40,2130,1660,90,400,7240,60,950,530,13510,70,770,180,60,8070,8040,47610,4430,1450,10150,0,80,0,1900,0,60,5480,2360,8180,0,460,0,990,890,0,1020,1960,310,170,700,0,0,160,590,4420,220,3530,1920,950,420,4600,5350,0,410,3420,40,0,40,1260,2190,520,1050,6090,0,1240,1720,0,300,1100,710,720,840,100,280,320,0,280,8750,380,390,520,160,110,2100,0,120,140,1880,120,3370,940,210,80,110,280,160,1540,50,190,0,280,130,1040,40,80,0,200,450,1210,1200,50,90,190,450,300,1820,180,1830,1810,6610,430,2860,2890,8070,4300,2820,1150,2350,3960,260,730,90,9640,130,180,140,570,1840,4790,220,0,0,390,110,4870,1890,28490,13220,0,26800,1080,5180,3530,1060,2650,450,3670,110,150,880,2590,2390,580,140,0,1990,18310,6060,870,0,170,360,2430,500,130,1950,4120,1190,2390,210,1520,1370,0,2970,900,0,0,180,560,960,130,120,2250,480,5040,950,1030,830,920,1190,450,30,140,1180,210,3870,320,590,1680,0,0,0,1410,800,6570,0,1010,140,2490,4010,320,530,2470,2930,100,1580,200,180,3780,4730,620,3110,1080,1290,410,6230,590,10240,1440,820,1730,1530,15810,5860,5120,1530,100,1560,410,480,10800,2180,870,970,0,1920,510,41440,920,5500,9050,1220,1190,1010,2020,320,560,1810,970,6790,230,0,210,8320,3550,1560,0,60,13420,0,210,240,280,17000,180,3970,2050,1930,21530,9530,14620,0,26100,3240,14100,9910,170,73810,8220,50330,6630,7280,8810,7490,3210,5850,1490,43190,18010,1190,15770,510,1380,440,130,3200,240,3550,1630,0,30,2680,6710,120,1780,0,210,1100,310,6240,0,580,0,470,550,640,350,920,0,12780,42140,3130,2930,5470,1470,24930,4760,3950,74790,200,4630,5640,82100,2730,8810,5410,1810,6950,4630,24350,3260,0,260,780,2210,860,7680,240,23770,1720,60,4760,7180,10040,30370,250,3010,1790,11670,1910,4940,200,4380,840,52080,3820,3620,4200,6640,2370,6530,1560,3280,3050,14100,1070,0,1760,930,2500,4370,640,1960,7540,2890,4630,10250,33940,1690,10480,3450,15610,76060,2590,1340,4360,860,170,6460,2310,46490,1520,110,220,6510,380,260,60,470,0,1790,0,0,0,100,0,7210,0,1600,300,12860,310,410,0,630,4640,0,19180,1040,0,6550,770,230,10400,1420,1020,840,310,3820,80,470,6350,350,330,2110,4070,2443440
"montana","MT",650,170,160,110,80,0,190,0,330,0,250,870,110,980,0,260,0,0,40,260,140,0,3200,0,0,180,0,390,60,1920,390,0,670,0,100,0,110,100,0,3140,0,120,470,530,220,2770,1280,470,940,0,80,180,150,330,130,80,970,310,90,920,30,120,700,150,220,0,740,390,220,0,90,0,0,4590,0,0,0,60,70,0,0,280,130,1470,0,0,200,0,0,0,0,990,0,160,800,740,60,120,80,230,0,370,140,0,0,0,0,130,170,0,140,0,0,400,0,0,0,0,0,350,0,0,90,1290,80,0,0,0,60,70,280,170,710,70,80,290,40,0,0,40,0,0,1400,0,0,0,0,30,660,0,0,0,280,500,130,0,90,220,190,490,230,0,100,510,120,0,230,230,0,220,0,80,80,120,280,470,60,160,0,150,660,100,160,0,0,90,0,0,0,0,130,0,0,400,130,0,490,870,80,360,40,90,40,0,60,540,2000,1730,6530,3350,450,620,0,0,0,0,0,0,0,0,0,0,0,80,80,0,180,670,0,160,190,660,0,200,0,0,940,1330,4640,450,70,930,0,40,130,400,0,0,190,190,650,0,0,0,110,40,0,140,430,30,100,330,40,0,0,0,1590,0,500,90,340,100,200,320,0,60,370,0,0,250,200,600,120,80,460,0,350,150,0,50,40,30,150,240,0,0,210,0,110,640,310,400,530,190,0,130,0,0,100,160,0,100,390,240,140,90,80,0,450,0,50,0,260,60,40,0,0,0,50,50,410,120,60,0,0,80,50,140,2080,130,470,790,0,1030,460,1420,580,550,310,360,1280,0,630,450,1970,90,60,70,80,190,880,60,290,0,0,0,1130,420,4260,2280,0,3260,230,600,570,290,720,280,460,0,100,70,590,380,160,0,0,260,3870,750,0,0,80,30,310,40,0,240,620,60,170,0,0,230,0,1590,90,0,0,170,150,210,0,0,250,250,630,240,70,100,50,140,160,0,0,90,90,350,80,200,390,0,0,0,180,130,1080,0,480,0,370,950,60,50,430,440,0,420,80,200,540,470,280,770,140,190,50,550,70,1150,0,0,430,340,2490,1210,1080,310,40,510,80,110,1340,960,330,60,0,150,60,4490,140,1350,1230,190,240,80,310,180,150,250,110,460,0,0,0,1170,790,440,120,30,1650,0,50,80,80,1560,150,280,540,450,3450,3070,2150,0,4720,1820,3560,5340,70,11050,870,8540,1010,1040,1910,930,580,1120,360,8190,6220,60,4010,470,50,0,0,590,0,700,0,440,70,160,570,0,50,0,0,70,0,640,0,200,0,0,70,60,60,120,0,2420,4740,320,1100,2090,190,5160,710,850,14750,0,1580,1330,15920,620,1420,680,230,0,380,4690,0,0,30,210,420,40,350,0,3890,140,0,930,640,1420,8480,0,520,190,2010,160,1050,0,850,0,6020,140,500,1790,900,130,1060,160,150,320,2730,340,0,270,0,510,570,80,550,860,320,560,1320,5230,170,730,810,2000,7730,140,70,500,100,0,410,250,13240,130,30,40,690,160,70,0,50,0,410,0,40,0,430,0,3020,160,260,60,4270,100,0,0,190,450,0,4720,170,0,3130,240,0,2090,170,110,220,60,850,0,90,1810,100,0,470,610,401890
"nebraska","NE",2360,1020,110,80,290,40,280,60,310,0,280,2950,160,2680,170,210,0,0,0,0,220,0,4540,0,0,0,0,40,0,3540,430,350,1210,0,0,0,380,90,0,8700,90,370,390,1410,0,4440,2550,1600,890,910,110,70,150,520,0,90,970,100,320,1990,80,380,2670,530,360,0,1300,340,310,0,270,0,0,8690,60,0,0,90,0,60,290,350,520,5010,0,0,570,40,160,780,0,8900,0,2050,1050,990,9860,0,150,1660,400,1080,1110,90,240,0,320,1590,660,70,310,130,90,4000,50,0,0,0,90,790,1060,550,240,4100,320,40,0,530,40,290,1720,210,1290,90,0,380,0,0,40,70,0,40,2980,0,0,0,0,70,710,70,0,0,70,470,220,0,180,360,500,870,210,0,150,0,40,560,390,300,80,1410,120,610,1360,110,260,4540,140,270,0,110,4080,850,270,0,0,110,40,0,130,70,200,410,0,3420,1060,30,1800,1490,0,420,40,70,0,0,100,910,3600,3610,26910,4770,1070,3430,1010,0,0,550,910,0,0,0,0,0,0,390,390,0,250,2850,0,1260,350,4920,100,340,0,50,3060,2910,15810,2180,920,4240,0,60,0,1090,0,50,1930,910,2920,0,290,0,740,200,0,580,660,70,70,330,110,50,30,140,1410,400,940,200,370,80,1310,1890,0,90,950,0,200,0,980,570,160,470,1910,0,370,470,70,230,310,140,300,680,120,410,730,110,120,2590,0,150,250,40,0,460,0,0,110,620,0,1080,430,70,90,60,30,210,490,0,0,0,230,0,490,0,0,0,160,460,370,320,0,0,300,120,100,1890,140,290,570,1640,90,940,600,2340,1130,390,660,520,3920,180,370,70,2920,40,70,0,0,770,1250,80,260,0,280,0,810,1030,9930,3720,0,7440,460,690,2340,550,920,440,1720,0,80,90,1040,680,80,0,420,590,10900,1610,230,60,60,90,1190,80,0,360,1720,240,280,0,0,350,0,1300,30,0,0,90,220,500,0,0,600,490,1520,460,300,350,680,410,190,0,0,410,130,950,100,420,620,40,0,0,550,350,2360,0,940,40,980,1600,130,200,940,970,0,740,80,110,1460,1400,50,1240,600,480,130,0,190,2570,290,50,640,710,5100,2920,1630,740,50,640,130,160,1850,530,200,200,60,670,530,14420,360,2180,3050,340,470,230,420,180,390,580,170,1030,130,0,70,2410,690,310,0,0,3360,0,0,0,0,4660,90,1060,840,380,6660,2710,4260,0,5260,4460,3810,5610,130,23240,3080,15270,1800,1360,2280,1670,1120,1820,600,14210,6240,260,5400,290,0,30,0,1210,0,1260,0,560,70,580,830,0,50,0,0,230,0,2310,0,80,0,260,130,130,0,130,0,7910,6810,860,1710,1610,410,7820,1640,2690,26060,0,3820,2250,29780,820,3380,2240,520,2420,1800,11050,320,0,0,210,500,110,3000,0,10020,850,0,2900,1810,2890,12640,0,920,710,5250,660,1340,0,1040,300,19560,750,450,1940,3710,600,1440,710,2420,1140,6270,1130,0,580,880,1090,1390,110,800,2280,830,2030,3450,13790,850,5800,1240,2570,15530,590,1030,1610,230,120,2560,530,17190,0,160,120,2370,170,310,0,230,0,450,0,30,0,0,0,4530,0,600,70,7940,180,0,0,340,3030,0,3270,730,0,2370,750,0,4980,570,400,110,140,1350,0,220,3340,0,130,870,770,863660
"nevada","NV",2500,290,170,330,900,0,450,0,730,0,320,0,800,670,40,110,0,0,0,0,570,50,6220,1470,950,0,0,0,460,3180,1020,120,1540,170,120,150,340,110,0,7610,250,920,1780,970,220,5590,1690,70,1920,70,0,150,100,690,0,210,960,110,200,1770,280,230,1360,350,250,0,720,910,300,0,380,0,0,14120,1470,0,0,240,0,240,0,1020,0,2600,0,0,770,90,0,380,0,4740,0,770,2110,1370,310,0,120,1150,0,710,0,0,570,0,0,300,970,120,230,130,60,620,110,0,0,0,0,430,100,80,180,1660,200,0,0,80,0,430,1230,450,3770,570,80,650,0,0,0,260,0,0,2200,0,0,0,0,280,1010,110,0,0,60,140,240,0,0,600,60,580,470,0,0,80,60,100,590,470,120,530,0,350,310,50,1150,2550,130,270,90,130,1230,190,300,130,0,180,0,0,0,100,370,380,0,1280,1640,100,1870,1670,0,570,0,220,60,0,0,2560,2270,4170,10680,7310,11760,1800,0,0,0,0,0,0,0,0,0,0,0,3060,1100,50,220,1880,340,330,410,2440,0,280,0,0,2200,3860,26770,890,0,4190,0,60,0,570,0,0,3350,710,1330,0,0,0,350,90,0,470,360,0,130,410,360,0,0,50,1900,180,690,820,310,290,410,1450,0,90,660,400,0,0,580,730,190,210,1350,0,890,1570,100,110,100,150,370,250,0,0,0,0,70,5430,170,220,230,0,0,280,0,0,90,250,90,780,770,720,140,200,110,0,490,0,0,0,210,160,450,0,0,0,130,0,320,1040,230,0,150,480,230,1230,510,680,460,2010,360,680,300,3230,610,670,190,860,1360,60,130,0,5050,120,150,0,230,970,1930,110,450,0,150,30,1630,1260,10430,4440,0,6060,250,1410,3660,360,560,200,1080,30,120,140,720,450,140,0,30,270,5900,1750,190,0,0,160,680,80,0,360,1780,500,1740,290,180,980,160,1950,0,1130,60,0,570,260,180,40,960,270,1170,460,220,210,0,2720,140,0,0,740,450,2410,260,260,910,0,0,0,330,280,2340,0,540,30,680,1580,80,110,960,760,530,490,150,260,820,820,600,1920,430,720,130,1590,100,3380,180,120,880,590,2570,1780,1720,430,70,570,150,50,1430,440,180,130,0,510,360,17480,1580,2570,6590,260,380,110,700,70,290,860,530,1660,130,0,160,0,3350,540,40,50,4560,0,90,260,800,21230,1450,1520,760,3440,9380,8400,1580,0,20860,1950,11970,14870,40,30950,4670,39450,1750,13070,10450,5990,3360,5910,850,31090,26320,600,10950,90,0,5750,1200,2180,50,1800,21500,1490,0,2470,4350,290,250,120,0,0,0,3280,40,200,0,540,2710,1230,70,460,0,3130,11020,700,2030,1470,410,10720,1880,1370,34490,1720,4950,1930,49650,790,3110,2230,1030,1500,1150,9080,0,0,0,170,1560,330,3210,0,11480,1710,50,2000,2280,3570,11880,2680,1420,530,3810,180,1810,0,1440,660,23990,580,1350,5010,2210,840,2010,230,1380,1190,10300,4340,0,1360,1100,620,2530,130,460,2430,760,1650,6630,18740,1150,2800,2010,2770,14890,340,290,1610,570,0,1680,1020,27320,410,0,0,2940,100,0,0,0,0,1090,0,0,0,0,0,4290,40,840,440,9940,670,50,0,1480,2110,0,8730,880,0,2560,2000,870,6370,370,810,0,100,3070,0,70,4590,1160,310,1410,1050,1140240
"new_hampshire","NH",1050,110,110,70,120,0,120,0,310,0,0,1940,0,1580,60,110,0,0,0,0,130,40,3570,0,0,0,0,0,40,2330,780,0,1150,0,0,0,380,0,40,4780,240,320,230,660,70,3720,880,0,370,0,150,200,340,210,180,180,400,200,130,1850,150,140,2160,220,140,0,750,520,90,0,110,0,0,4380,0,0,0,60,0,0,0,540,150,2950,0,70,2190,1220,200,270,0,4370,0,0,890,500,90,40,50,350,0,700,1960,180,790,80,70,370,500,60,730,110,70,2170,50,0,0,0,190,1640,880,330,160,880,260,130,0,90,50,100,1000,110,930,240,260,510,0,0,0,60,80,100,1070,70,0,150,0,90,480,0,0,0,230,610,320,0,60,170,120,370,250,0,0,0,60,310,260,210,210,320,0,270,580,50,530,3430,90,120,0,170,1180,480,70,0,60,120,100,160,90,100,320,200,0,2020,1170,0,440,630,40,200,170,440,0,0,0,240,2600,2280,6420,4520,1180,2300,0,0,0,0,30,0,0,50,0,0,0,330,440,0,50,1490,0,40,0,4950,0,450,0,0,1540,1100,6710,1410,560,2060,0,0,0,710,0,0,1750,430,1940,0,100,0,0,130,0,470,180,0,120,240,70,0,90,130,1350,270,1710,500,150,70,1310,860,0,70,1680,0,0,0,680,530,300,350,1930,0,170,1090,160,0,420,350,390,270,0,0,0,110,80,3760,120,100,50,90,0,370,0,70,70,270,70,970,400,90,60,80,70,0,390,0,0,0,180,0,350,0,0,0,50,0,570,180,0,0,0,200,30,310,90,110,220,1190,60,950,450,460,610,220,180,210,2050,60,90,0,1590,0,120,50,0,620,1120,0,130,0,100,0,2820,440,5910,3720,0,5200,370,940,970,620,720,170,1400,0,80,0,1010,630,460,40,0,680,8820,1500,100,0,0,50,830,100,90,220,940,160,630,0,0,200,0,1240,0,0,0,60,0,100,0,0,1160,230,1220,440,220,380,120,120,140,0,0,160,180,1140,50,90,490,0,0,0,260,160,1110,0,600,0,1120,1520,130,100,410,610,0,400,60,190,580,290,280,1250,180,210,60,1220,80,1480,0,0,430,890,2290,1510,980,510,0,320,0,160,1280,360,140,190,70,580,200,11030,510,1300,2540,280,250,0,290,170,100,460,360,1710,50,0,90,1010,610,340,0,90,2750,0,70,180,0,2760,0,480,620,990,3480,1330,1550,0,5580,3230,3160,3520,50,12800,1850,12240,1150,1090,2470,2020,750,2180,600,9800,4510,240,5170,0,420,0,0,900,70,900,0,0,0,380,1290,0,0,0,0,100,0,1960,0,440,0,360,60,0,0,180,0,2770,7410,480,1770,1590,430,7100,1490,1830,22330,0,1890,1550,25920,570,1540,2250,340,1600,3260,7270,80,0,60,180,230,490,660,0,7180,470,0,1250,1270,2170,7710,0,770,350,1970,390,810,150,410,130,9330,470,960,1210,1360,790,830,420,880,480,5340,270,0,180,420,730,610,150,550,1510,640,1300,2790,13710,160,1710,810,2160,11770,470,270,1430,60,0,1380,440,15690,380,50,100,1900,50,0,0,0,0,400,0,0,0,220,40,2390,80,310,150,3100,0,0,0,80,160,0,3310,240,0,860,580,180,2070,250,180,130,0,790,0,100,1500,0,0,200,500,573810
"new_jersey","NJ",6350,1100,180,980,1680,0,910,0,4210,700,520,16100,1480,1690,170,950,0,0,0,0,520,0,44410,0,0,0,0,0,130,12160,3290,220,4080,190,450,640,1830,440,270,36640,290,2120,2170,3800,0,15440,7600,0,2140,530,490,270,920,1520,150,50,4030,620,560,10110,630,1280,6850,1000,0,0,1860,3020,2380,120,0,150,160,31180,1010,80,0,1010,0,120,0,4040,0,12690,50,230,4910,1740,210,570,600,5450,0,7960,5870,3640,1630,590,450,2910,740,6800,3100,460,1430,220,440,3580,3970,210,1090,490,500,4490,150,130,140,0,310,1250,1360,1020,2130,4090,820,200,50,470,0,1410,4560,1790,6850,1350,0,3850,150,0,260,350,120,510,6570,250,140,40,80,310,2240,330,0,0,210,390,1450,0,260,690,1770,2600,1320,610,0,330,330,3240,1050,850,750,4560,360,1980,3190,240,6590,11210,820,710,740,320,14520,1800,1000,730,400,810,240,450,210,190,940,3190,0,5950,11260,100,7980,6290,0,450,1530,220,350,0,770,6220,17490,7360,42990,26810,8230,14130,800,0,0,90,0,0,640,630,0,110,240,5010,9210,80,590,13080,510,420,740,42050,70,950,0,0,15370,8180,107840,11390,3690,31220,100,360,0,2640,0,500,12840,3310,11620,0,810,70,1640,700,0,1900,1790,520,180,1260,1750,0,390,1300,7450,690,4190,3770,1490,370,3660,8510,100,350,4890,0,240,0,3990,2520,580,1370,13930,320,920,2570,260,510,470,440,920,640,40,1150,60,3540,520,20180,120,330,330,0,120,4150,0,390,120,6410,150,4930,2900,290,220,510,130,730,3600,30,100,60,450,0,2030,0,110,0,400,280,1320,4170,0,30,250,980,90,4550,30,1600,2840,6800,4080,4790,1570,6310,3190,1600,550,2740,20480,380,1190,210,19870,550,290,50,970,3710,7870,160,1830,0,1270,50,14050,5190,44680,24470,0,30310,2000,700,5070,6650,6280,1590,9060,100,120,40,4980,2820,1650,70,100,2760,55490,8630,570,40,210,340,2170,1050,290,1380,5490,1720,3230,40,340,1670,160,5670,220,270,240,250,870,320,220,230,4180,1080,4030,2800,1860,860,790,1550,760,0,530,1350,400,2760,620,740,3190,0,190,0,1790,1060,8700,0,2350,460,4270,6920,450,490,3020,5210,0,1630,320,1080,4990,3080,570,5790,780,2280,550,7750,470,9500,290,140,1960,2900,16360,9960,1880,1540,170,2070,230,630,38510,2970,4590,360,50,1280,3480,44800,3460,10180,18170,2570,1240,350,1100,430,580,3200,1190,5460,1010,40,70,10180,4540,2860,50,430,21390,330,300,520,220,39110,5700,4560,3290,2700,18710,9300,7590,0,20480,7130,30810,14740,390,52720,30370,59810,11600,10710,10450,9660,3510,21280,2250,64260,23170,1420,29210,160,570,1280,0,6010,390,5570,0,30,160,2670,7640,0,790,200,0,990,910,15610,0,7570,2380,2110,560,750,90,340,30,17750,10460,2120,10940,9990,810,31440,8540,6610,95550,750,8940,5090,131080,2220,10660,11600,2400,9490,6370,44070,1460,0,0,420,2630,1990,4540,0,41110,2020,120,9600,5640,17740,45120,60,4400,3430,15240,3330,5100,240,4520,1490,66470,810,7350,4040,6760,4070,5310,660,5600,5540,52470,3250,0,3330,1600,4190,6410,950,2820,10340,5170,6550,21870,67850,2500,16770,8990,11620,60300,5980,2480,9340,4570,330,8150,2900,73320,3380,480,140,12720,220,140,40,580,0,2760,0,150,0,0,0,8400,200,1480,200,16840,520,0,90,1050,2820,0,25350,1600,240,5090,1230,310,15140,2300,1070,880,200,4170,0,730,8150,570,560,1750,2590,3474620
"new_mexico","NM",1810,260,130,80,610,50,850,150,470,0,0,1230,360,1120,0,140,0,980,560,1570,220,180,7240,0,0,0,0,2160,730,2960,300,50,1440,30,0,0,230,140,0,6580,0,360,430,930,80,4490,1550,210,820,0,0,80,170,690,40,110,920,100,740,1200,190,140,2240,130,140,0,660,300,620,0,190,0,0,8470,340,0,0,150,0,40,0,1240,160,2210,0,0,180,80,0,130,0,1390,0,580,1030,900,120,40,0,1110,120,510,120,0,140,0,0,140,200,0,110,0,0,680,0,0,0,0,0,260,70,30,100,1800,40,0,0,60,0,150,410,40,1330,250,250,190,0,0,30,0,0,0,1210,0,0,0,0,60,260,0,0,0,70,200,260,0,140,200,100,950,340,0,260,990,150,90,340,100,90,280,0,120,70,0,990,1480,470,90,40,130,1110,110,180,60,320,130,0,0,0,0,70,0,0,1260,350,0,900,1260,70,270,890,340,0,0,170,760,2720,2560,9910,4620,1040,1490,580,0,0,290,0,0,0,0,0,0,0,540,530,110,200,610,0,40,130,1230,0,200,0,0,930,2400,8690,1780,640,2140,0,0,730,590,0,40,1200,400,1970,0,30,60,350,80,0,180,520,0,80,340,730,0,100,90,1330,0,2020,1160,410,300,920,1690,0,310,1200,180,820,230,2280,580,230,190,1110,210,600,1300,210,120,0,120,2120,720,0,110,50,0,40,2310,160,360,210,130,0,370,0,1640,150,300,100,470,1110,350,150,740,70,30,910,0,90,0,370,320,230,0,0,0,190,120,320,230,150,0,0,220,110,430,980,450,710,1570,60,1110,430,2090,1070,900,500,780,2360,40,150,0,2890,0,140,0,300,540,1600,130,420,0,100,30,2250,1160,7950,4050,0,6560,290,70,1380,530,920,520,1040,40,120,60,780,640,310,0,0,510,7430,1650,90,0,70,90,770,40,50,220,740,120,410,110,0,350,0,0,40,0,0,80,0,220,0,0,1830,180,890,360,300,150,270,280,160,0,50,230,40,790,30,90,780,0,0,0,360,190,1800,0,710,60,670,1300,30,110,780,920,70,400,0,210,680,560,220,1190,300,500,120,1790,100,2580,1270,0,410,750,2100,1930,1420,290,40,870,80,0,8050,0,350,140,0,390,210,15550,310,2530,4350,150,220,100,520,160,540,740,800,1990,0,0,0,4140,700,1610,70,0,4460,0,190,380,280,6320,400,790,860,610,7860,3620,2890,0,7340,940,4850,2730,90,20740,2320,16370,2960,2650,2900,2630,1050,2650,560,12580,7380,340,4360,110,0,270,330,1710,110,1130,990,190,0,750,700,0,0,0,0,210,0,1160,0,0,0,130,210,30,60,270,0,2550,23940,210,1350,2170,510,8640,1770,940,21580,550,3020,1740,26880,570,1270,1060,160,910,1170,4730,410,0,0,130,850,60,830,0,10590,660,0,1480,1090,1800,8690,190,910,340,2740,110,980,0,1330,120,15250,970,700,2830,200,330,1250,210,160,980,5890,730,0,160,510,860,820,350,680,1560,380,710,2090,10050,300,2520,1550,3850,23390,670,280,670,160,0,1040,240,10190,230,0,0,2480,200,80,0,0,0,420,0,30,0,0,0,5530,280,260,0,3770,60,0,0,120,1110,0,9480,210,0,4300,640,80,3720,190,240,0,60,1080,30,110,2360,440,190,1210,610,716270
"new_york","NY",18950,5720,1280,1270,5210,290,3020,310,7240,3850,720,56860,4980,14880,2330,1410,0,0,50,0,460,100,23420,220,80,110,0,30,60,25560,6940,270,11100,180,490,960,1990,2110,590,108800,1500,4710,3080,7150,930,34830,13290,570,2710,1400,1260,650,1480,3370,370,220,2200,0,4310,15930,5130,3340,9850,3410,920,100,5000,8890,3430,170,2150,580,140,102010,1700,0,0,1110,140,200,1060,4970,7630,26270,150,510,10530,1390,420,1970,230,39100,0,49050,10180,5090,2930,910,520,7840,2180,27790,4620,1170,1250,280,430,7860,4200,440,2070,1400,540,13890,530,340,230,70,210,3270,2630,2540,5140,9170,790,740,110,1330,370,2120,8960,1680,15600,2320,1910,11530,660,0,990,1650,90,600,11250,790,310,0,1120,1520,3540,870,40,0,980,2210,5270,0,270,1940,4030,4530,2380,740,260,230,100,1930,1800,990,1400,6900,850,2340,2800,430,4230,21300,5800,2150,740,3180,15110,2000,1580,690,420,1660,350,400,160,290,1180,4770,0,10330,16500,300,7780,11020,5830,1280,920,1100,390,9320,1930,20880,50500,22070,57330,43860,15170,38220,1650,0,50,640,6070,3630,1620,1770,0,660,340,16280,4890,1350,4160,17790,1610,740,1390,49350,0,1540,80,130,14860,17120,109570,19020,2660,27740,40,40,0,9970,0,60,20170,6650,24600,0,2410,40,5710,1040,40,6040,12550,1470,170,1670,380,0,780,1130,15450,1640,11280,3450,3300,1830,10290,18480,0,1220,11330,140,540,0,2770,6210,1480,3750,26000,0,1840,5880,530,1220,3170,1560,2030,1480,170,580,190,1530,1340,40250,430,620,520,210,230,9900,0,1070,470,4170,370,4780,3700,940,230,970,570,610,11230,0,610,290,1430,80,3900,0,460,80,2470,930,3440,2710,70,0,6340,2170,720,3340,410,5120,7600,22630,720,6970,8730,22630,12540,11040,4890,4450,33350,1490,8490,3350,72760,690,1410,470,3250,10100,22210,1380,3450,0,3040,60,40010,7400,79570,40350,1930,65880,4160,15410,12640,11320,17280,5010,34010,880,1310,920,11860,7390,4860,680,160,11650,125830,19260,7950,300,1350,1960,11380,2910,7590,2570,21440,2970,6670,2210,11360,23500,0,9720,1790,940,120,3480,6610,2020,620,930,7430,4050,25460,19890,2390,6790,2720,6580,4000,0,2090,3830,1620,6010,4860,1840,7710,660,150,0,4960,2690,20440,0,12080,1140,8130,16390,1540,1640,5840,11360,70,3030,920,2110,10380,7740,580,10750,3110,4730,1260,14740,940,17660,1530,280,5560,4280,46990,26010,8800,3450,440,3230,730,1250,173830,5900,1900,2300,400,4200,2940,162870,4180,20050,23870,2720,2190,2480,3690,880,3940,12160,3770,10490,520,0,3960,34460,7500,8920,360,490,47870,1480,840,1960,190,112750,8390,8760,11960,15100,46410,16790,16020,0,67300,12070,63570,43670,600,158160,31470,155540,16540,33390,34320,20930,13130,14630,4770,196790,50790,2910,46440,560,1520,370,110,17190,720,13220,1000,680,190,9250,14860,1360,1720,3050,0,1270,2130,26410,800,14080,1890,3950,4250,4040,300,2470,170,36510,156830,8130,18420,27260,6330,63120,14740,21180,193860,880,21180,9640,322970,21790,21040,57560,5980,20520,16220,87710,4460,490,810,1610,6010,2750,7520,380,114040,5580,800,21130,17130,33670,115270,260,9720,3800,26570,6250,9840,230,7360,1870,157100,10550,9810,11060,14310,7230,5770,930,6710,10920,90110,11400,0,6660,6140,4090,11490,1590,6090,22430,9540,26120,33170,112890,2170,82790,14840,11720,197920,2960,4430,12760,15720,770,10830,8280,188240,4400,1400,650,40000,180,0,0,60,0,9160,0,90,60,380,70,23520,320,6300,1680,48220,1350,470,260,1890,7630,0,61050,2030,120,11940,3110,940,40300,8910,2760,800,1110,13360,360,680,28320,660,750,5070,8130,8149510
"north_carolina","NC",8860,1500,1030,1220,4660,280,3240,450,3960,310,730,15740,1200,3890,120,980,0,0,0,0,570,50,34370,0,0,0,0,0,80,15660,3630,290,5650,370,470,230,2340,1100,240,31080,650,2690,4280,5050,610,23130,7690,740,3560,210,720,490,830,1480,600,370,3120,530,1350,11770,450,640,10690,4130,850,0,4570,2930,960,0,1740,100,0,40760,1150,0,70,400,100,280,0,4230,2910,20770,0,1010,6150,730,850,2040,520,46310,0,7720,4250,4360,8750,7360,1240,2400,680,5500,5230,830,4320,930,580,2390,6860,280,2020,1110,610,10720,830,220,130,60,240,7500,3770,1630,2190,9050,1110,550,70,860,310,680,4820,870,4290,1740,440,9470,270,0,150,540,2200,960,12690,4420,7930,2490,290,5540,3720,1140,100,30,2990,7330,1530,400,180,880,470,3600,1810,730,150,130,60,3500,2650,620,1140,5670,1040,3390,3140,1910,3630,19310,420,1160,290,390,16190,3380,1630,460,0,770,1040,320,220,120,820,4910,2150,18610,5650,100,5900,8560,2580,820,170,600,300,3670,250,3240,16600,15750,54400,25120,3840,22940,510,0,0,440,290,0,250,270,0,0,0,3450,3810,160,140,6760,50,750,660,24090,0,1560,0,0,21090,9680,84990,8260,3240,26920,0,50,0,3980,0,0,6750,2780,11740,0,380,0,2300,1170,0,1100,2010,440,520,960,710,0,360,790,7170,1560,5100,2990,1180,490,8270,4630,0,550,7100,80,900,0,2170,2110,640,1510,11970,90,3250,2630,140,290,2890,980,840,2910,0,200,1140,810,290,15170,470,830,450,290,100,3230,0,380,160,3720,230,5230,3370,440,200,810,190,230,3090,0,310,180,1230,80,2290,0,40,0,1200,500,2260,2110,0,0,1210,1110,500,2300,560,1130,1820,6400,370,4000,2640,10140,3540,3500,940,2890,7470,450,960,130,11330,0,0,90,0,3760,8920,90,760,0,740,130,12070,3690,40520,18820,1210,23760,4920,4310,9060,3260,4350,3380,7320,110,490,170,4530,2850,1470,120,280,4310,30330,8120,320,60,170,580,4590,800,180,950,5910,1120,2110,100,380,1940,310,5830,610,150,50,200,420,940,170,100,3660,1090,4960,1980,1570,830,1660,1010,830,0,210,1730,270,5690,420,780,3190,0,150,0,1910,930,9550,0,4480,220,3150,5990,530,440,3940,4040,0,2830,400,620,5020,5300,890,6200,1240,1750,530,9880,280,14280,1310,60,2780,3080,17930,7990,5620,1620,440,1790,290,640,39320,1650,2310,1360,110,2550,800,53770,3040,8930,16220,1520,1190,430,2920,520,1160,2510,1210,14900,620,0,180,15850,2900,2830,430,0,22040,0,550,540,0,27520,850,5020,2340,2130,35780,8100,7790,0,42100,3970,18160,11890,200,151900,10990,79120,5220,8870,12550,12750,4390,10630,2600,55430,31130,3470,30920,220,2370,310,0,5310,390,6620,970,0,100,4480,13620,50,210,280,40,1390,300,7470,0,830,180,980,550,210,240,830,110,21610,22130,2780,9040,7060,1440,40660,8160,9020,112280,0,12330,8720,140410,3370,10000,8430,1310,7860,9660,45460,2280,0,210,6160,5160,3340,4580,300,38090,2780,0,6390,8960,14210,43590,0,4300,1730,13340,1700,6810,90,2440,1500,95340,6550,1590,8950,7850,1880,6610,1580,3790,4990,31800,3100,0,2500,1390,3550,4710,1090,2060,10360,3160,8050,21500,58220,2880,17810,1830,13050,59480,4090,1060,5600,740,110,4830,2250,83480,1900,90,480,15220,600,470,30,1380,0,2320,0,0,380,1570,100,21220,270,2400,0,15200,490,150,270,320,4340,0,20400,1480,0,11020,1620,0,14080,2450,910,1220,790,3610,120,2230,9830,140,420,2460,3900,3760600
"north_dakota","ND",650,220,110,170,40,0,190,60,230,0,40,760,130,1210,0,40,0,680,940,820,260,0,2550,0,0,0,0,2960,210,2020,300,60,660,0,110,0,300,0,40,3870,220,50,250,590,0,2210,1850,1040,1250,0,130,70,140,110,0,60,490,0,160,970,70,170,1160,940,170,0,940,300,120,0,210,0,0,3890,90,0,0,70,0,0,0,520,190,1760,0,0,660,0,250,70,0,2460,0,280,610,500,0,130,120,240,80,500,200,0,0,0,0,350,160,60,270,0,0,700,0,0,0,0,0,90,390,0,150,2200,510,0,0,40,0,60,370,160,820,0,60,160,0,0,0,0,0,0,1220,0,0,0,0,0,520,70,0,0,0,80,80,0,0,350,190,420,110,150,770,680,90,0,230,210,0,250,0,100,0,30,340,1280,80,100,0,0,760,260,180,0,0,90,0,0,0,30,40,0,0,450,310,40,840,1030,0,270,0,100,0,0,390,160,1430,1850,12210,2720,630,680,0,0,0,0,570,0,0,0,0,0,0,100,320,0,110,570,140,300,240,1220,0,500,0,50,1300,1270,8380,580,170,860,390,510,720,220,0,190,710,170,690,0,0,0,130,70,0,170,260,50,40,370,0,0,0,30,1200,0,560,90,160,70,410,660,0,0,610,70,0,110,360,320,50,140,530,0,500,340,0,90,230,110,270,190,0,40,220,0,0,1200,110,170,260,40,0,30,0,0,0,130,0,460,280,50,60,70,0,0,260,0,0,0,50,0,120,0,0,0,80,170,0,70,0,0,0,110,0,410,130,250,300,780,130,70,240,710,340,290,220,170,1470,0,120,0,1000,40,0,0,90,260,410,80,410,0,70,60,820,510,4190,970,0,2780,460,920,970,120,370,0,450,0,40,0,450,160,150,0,210,270,5480,550,30,0,0,0,480,30,0,220,630,200,260,0,0,220,0,760,120,0,0,0,0,210,90,0,390,240,610,170,70,210,110,170,80,0,0,80,40,580,0,250,210,0,0,0,270,190,760,0,250,0,470,640,0,60,300,560,50,240,50,90,700,270,160,690,110,120,0,1040,410,730,40,0,300,200,2670,880,890,340,0,380,140,50,1420,130,140,100,40,140,120,7010,140,690,680,230,310,380,160,120,170,220,150,430,0,0,230,840,540,280,100,0,1510,0,0,0,90,1430,80,610,590,330,2560,1450,1490,0,2700,280,2280,3690,80,7370,1550,7330,1200,870,1180,900,750,1150,330,7050,4230,0,2340,260,0,160,50,630,0,320,850,190,0,380,850,0,70,0,0,130,0,1250,0,0,0,70,140,0,120,0,0,2790,4940,260,890,860,850,4040,630,600,10240,120,680,1730,13610,570,1090,520,160,650,1090,3670,90,0,0,0,440,70,210,0,3170,120,0,1110,400,900,6340,100,650,350,1620,90,630,0,330,250,6480,380,230,1840,270,110,670,180,320,350,1800,0,0,110,250,160,950,90,390,910,340,940,1410,5710,170,1770,290,840,7570,320,130,480,190,70,400,180,8620,170,0,0,560,60,190,0,270,0,200,0,150,0,0,0,3790,0,200,0,2370,150,0,0,50,1270,0,5380,430,0,3640,280,0,3920,140,210,280,260,580,0,450,1710,0,40,230,410,380000
"ohio","OH",9090,3190,630,840,940,0,1020,480,2650,530,720,21350,2150,7730,300,1360,0,0,260,740,440,0,33180,800,210,120,0,760,190,16670,3360,660,8980,430,790,230,2330,580,230,42890,1100,2430,4090,5870,940,24680,11570,1490,3570,570,380,660,1180,1720,400,330,3810,1130,1320,10770,460,1780,19200,2470,2360,0,3250,3290,0,0,1840,370,140,53720,2270,0,0,490,120,390,0,2130,2810,30310,510,670,9980,2060,6640,3450,440,41740,0,8850,6080,4960,2170,2970,810,5950,1490,5670,13490,2030,6480,1010,2680,4860,17760,660,6880,1740,1380,27560,1200,600,460,360,1870,15910,13950,7860,3330,17280,3020,1680,150,2430,760,1760,8650,2830,6430,2180,910,3020,300,0,50,0,0,250,11980,170,60,720,0,810,4240,1020,0,0,1120,4530,1640,0,820,1180,1040,4770,2040,2620,440,1430,470,5590,1870,1180,850,7640,300,3740,6880,1280,5360,31040,810,970,680,950,17460,6320,2540,0,680,950,900,1070,220,520,2370,4110,1150,18450,5350,100,7040,7100,1140,2110,170,740,280,790,940,5860,11080,22220,70740,35060,7510,27200,0,0,240,310,0,0,290,330,0,0,180,3910,4640,110,750,5460,370,1210,1770,33330,60,1030,0,120,22000,12410,111230,5650,4010,40960,180,210,580,6190,0,260,11410,4190,13760,0,990,40,3790,670,0,1790,2820,760,90,1040,4890,90,680,1430,7700,1070,6200,3710,1210,530,14720,9620,0,1590,14920,110,0,370,6980,2770,760,2440,13040,420,1970,2450,420,320,3200,2280,3260,1370,70,750,190,0,540,20270,160,860,380,170,190,4210,0,510,110,4110,640,10820,3140,350,250,400,120,130,3110,0,360,80,570,110,2480,0,70,40,1680,510,2930,3760,130,0,320,1530,370,5320,240,1580,2660,9490,450,4750,4420,9150,9140,4980,1870,2920,15480,560,1680,360,15920,350,460,120,2420,4200,7890,440,2130,0,780,70,12160,6150,47130,31180,290,52750,5960,5340,9630,4620,6870,2060,6970,120,510,380,3840,4000,2260,480,0,2930,35250,9740,1170,200,730,420,4790,1210,0,1760,7140,1830,4840,390,780,1790,90,9730,340,310,60,1040,1530,960,210,210,6570,1640,6430,2250,1730,1480,1750,990,840,90,310,1830,490,7610,390,1170,3220,220,260,0,2340,1130,12590,0,3180,670,4620,7570,580,350,6490,5170,40,2910,540,1080,6860,6350,930,7870,2320,2160,910,11160,670,16290,1200,220,4050,3370,39920,15540,9240,2930,0,3790,790,1190,65710,1310,1130,3480,70,6210,910,64710,1930,10570,22950,2210,2100,760,2750,510,580,2530,2420,18810,360,0,1460,12900,5160,2070,140,160,24620,250,350,830,540,32280,1630,6960,4170,4090,34680,16000,17730,0,37660,12360,24990,22950,310,163790,17230,98150,14530,11320,13770,16140,4790,10170,3860,85470,26430,1610,35550,760,1150,170,80,5620,350,6660,0,260,0,2490,10950,110,570,90,0,2350,0,17460,0,1860,140,1440,490,310,310,710,0,20310,26520,4340,7870,13070,3040,42030,12950,8300,117390,420,13780,10500,157460,3960,15460,10190,1670,9840,18710,48290,1120,50,590,690,6720,3680,13510,500,44420,2670,340,7110,13640,21170,61590,390,6130,3840,19260,2910,11180,500,7820,1390,88310,4250,4330,6110,8880,6090,11190,2290,10050,4550,25220,2260,0,2690,1620,4250,7520,1020,2760,13190,3940,14180,34030,84580,2490,20840,7330,39610,76950,5910,1330,5920,1650,410,17600,3460,92350,2730,0,590,17430,200,390,0,150,0,2160,0,0,140,230,0,14730,600,2950,0,18990,570,220,0,600,4830,0,35090,1260,0,15310,1250,200,22650,3050,1410,480,940,5500,240,600,14070,300,480,4730,4100,4746300
"oklahoma","OK",2760,1060,240,520,1790,0,1400,180,1670,0,180,3340,510,2910,0,510,0,1120,1980,3350,380,470,4750,90,180,400,0,4760,710,6460,800,310,1860,1000,150,40,1100,360,80,14150,310,1000,6270,1680,160,7860,2720,500,1850,160,200,220,520,760,70,150,1430,860,950,3320,200,450,4210,2810,250,40,2070,1690,790,0,460,0,0,15360,760,0,0,140,190,340,0,2160,560,8490,1030,280,2380,790,370,1060,0,9920,0,1510,1910,1680,830,1460,0,1000,820,1170,2820,230,730,140,500,530,2740,380,830,620,180,5540,260,0,0,70,190,940,2910,430,460,9580,810,230,0,470,260,0,1090,200,2440,580,560,760,0,0,0,0,0,0,4230,0,0,310,0,280,950,120,0,30,430,350,420,0,150,450,290,1990,1360,0,800,1810,170,950,160,500,360,1110,120,1140,0,310,660,4990,180,300,60,350,2840,1550,580,160,0,440,0,410,80,50,1100,1690,0,5020,1420,100,2110,2950,0,390,460,550,40,0,150,1020,4570,4740,23250,8880,1560,2930,0,0,0,0,550,0,0,0,0,0,0,610,1270,70,560,1610,100,690,610,4320,0,1000,0,0,7340,4070,27480,2260,980,3260,180,410,590,1440,0,260,3890,830,2680,0,40,0,620,280,0,720,700,140,110,700,1170,0,70,350,2200,150,1230,1840,710,550,1680,4630,0,190,2580,330,0,2830,950,1110,300,1110,3170,70,710,1550,390,370,710,740,1060,980,0,50,60,50,50,6370,0,270,240,40,60,220,0,50,150,460,0,2320,430,1090,40,0,30,0,920,0,100,0,170,0,760,0,30,0,150,290,1090,540,1340,0,140,370,0,1280,110,1130,1180,3620,460,2280,1940,6890,2110,1360,970,1250,1540,230,390,50,6360,50,180,0,930,1510,2800,0,1680,0,380,140,4510,2400,16750,7600,240,11720,800,6370,2930,990,1330,570,1040,40,90,90,1470,1120,710,150,50,1190,13000,3060,140,60,0,100,1400,240,0,600,1680,440,960,190,0,630,120,2040,0,0,0,160,390,260,0,110,1990,480,2120,750,720,300,320,590,140,0,50,690,150,3450,130,410,1270,190,0,0,730,660,3760,0,1440,110,930,1920,360,170,1140,1600,480,950,110,90,2030,2160,730,2020,580,900,320,3460,700,5380,710,250,1500,840,11580,6130,3960,810,100,1350,210,370,7840,850,260,490,120,1090,500,27400,410,4130,8920,370,360,860,1530,270,590,2500,1410,3500,170,0,100,4500,2270,900,130,40,7360,0,310,190,1080,11550,250,1010,1110,1030,13860,15520,10280,0,13600,2230,9040,5420,240,34520,6810,27610,4530,3700,4150,5240,1590,1700,1200,21170,10640,900,7850,490,780,1050,190,1490,170,1900,1890,0,80,1560,1580,0,220,0,180,620,0,2600,0,290,0,60,260,140,200,320,0,7980,12100,1300,2160,1870,1180,17480,3730,2750,43690,1910,3480,3730,49280,1020,4250,1730,330,3310,6390,10020,230,0,190,450,3390,400,4160,0,19970,970,30,3880,4140,4030,21970,1540,2880,1200,7170,200,1700,80,1750,500,29160,610,1940,3340,1150,940,3690,1420,1480,1470,8670,220,0,330,720,1790,2230,820,1030,3990,860,4940,5870,21280,690,9410,1510,8660,27600,2220,340,2240,470,100,2620,730,31330,630,0,50,4430,150,370,0,350,0,1010,0,0,0,0,0,9240,350,440,0,4880,0,120,0,290,2930,0,9880,1160,120,5940,930,0,6280,770,290,390,380,2250,0,460,6360,0,160,1070,3360,1441120
"oregon","OR",3160,650,520,500,360,0,200,130,1050,0,390,5540,580,1630,170,360,0,0,0,0,110,0,15260,0,0,0,0,0,50,4170,880,280,2470,90,160,380,1090,90,60,12050,470,740,1310,1730,250,6200,3770,680,2040,200,180,220,570,800,400,410,1680,140,630,2430,0,660,4390,810,810,40,960,440,700,0,450,80,0,14610,240,0,0,320,0,190,0,1400,610,6850,80,100,3680,440,110,1830,230,4990,0,2380,2590,1870,840,420,310,2880,870,1870,2170,680,780,180,160,730,1450,200,1670,150,140,3600,240,160,0,190,340,1320,1040,280,490,4120,280,240,50,480,590,290,1790,650,1870,430,460,1340,50,140,0,200,0,130,3640,0,0,40,50,430,1990,100,0,0,2510,2150,540,0,290,360,460,1180,1400,160,100,80,280,150,1080,680,460,1130,260,690,1020,480,1280,5460,230,570,130,390,5230,1220,1040,0,0,240,600,200,80,310,420,1020,0,3850,4830,70,2090,2410,650,590,250,0,60,810,70,2180,6360,6420,21670,9120,1700,4830,450,0,0,0,400,0,220,260,0,90,30,710,5770,90,310,3330,100,300,650,12530,0,1040,0,90,10010,5150,22490,3470,2970,8100,0,260,0,1790,0,320,6220,1000,3220,0,110,0,1100,560,0,1470,1620,480,480,620,110,0,320,210,3950,0,2510,1800,620,160,3690,3550,30,0,3860,0,0,0,2530,1160,450,830,4850,50,840,0,610,200,630,440,1110,740,0,230,620,140,110,7140,920,850,820,460,0,1930,0,90,130,660,40,2900,900,300,210,300,230,80,1130,0,180,40,880,430,0,40,50,0,310,670,2730,270,50,0,320,260,220,1880,2580,1380,1740,2340,400,2720,1820,3230,1480,2110,740,1590,6130,150,4660,1550,6530,40,420,50,360,2380,3290,0,740,0,390,200,6800,1120,13090,5560,0,10210,230,2650,4690,670,970,560,3300,70,140,120,1220,1800,690,70,350,1040,16760,3170,980,0,350,1070,1310,330,240,750,3520,620,1740,180,480,1050,100,3510,190,0,100,720,1630,320,0,0,3800,580,2570,810,600,640,1430,540,290,0,0,500,100,3870,220,660,1430,0,0,0,720,570,3990,0,1230,50,1080,2660,220,140,1300,1680,50,1370,210,930,2170,1460,410,3870,660,690,150,1900,140,4520,730,50,1410,1770,2780,4440,3340,1280,80,860,110,140,5900,1680,1200,230,0,630,590,32350,1990,5270,10590,1220,1070,220,1510,240,410,1220,1330,3200,140,60,70,4050,2220,630,0,110,4990,0,60,380,200,8280,2380,2080,3260,1150,11270,9740,5610,0,22290,970,14010,9040,70,34950,9950,33100,2850,4270,6290,3650,1850,7710,940,24530,14140,410,11490,170,0,140,0,2050,140,2460,400,100,0,940,3530,0,80,70,0,200,0,2900,0,1860,0,740,270,290,200,210,70,5990,19330,2410,4460,4250,1170,14330,3170,2370,45730,350,4510,4170,61610,1210,4050,3760,600,3010,3570,16180,1450,180,70,870,700,870,3160,150,13780,1280,0,2790,2890,4940,22610,190,1950,800,4430,370,2900,50,1890,390,27220,1500,1480,3760,3400,1100,2090,900,4350,1360,11800,1970,0,1080,1060,850,2940,250,950,3610,1340,3130,8140,19690,930,5860,1700,13460,26820,1570,0,1870,140,260,3370,680,33500,1230,110,100,5710,590,200,0,1750,0,1320,0,170,630,2080,330,5150,390,460,30,12860,390,300,0,800,2360,0,11500,510,70,3560,910,430,7480,880,760,420,440,4170,0,420,5270,0,100,2790,2400,1540720
"pennsylvania","PA",10310,1800,810,910,1780,390,1320,530,5600,420,790,24490,1290,10610,520,1320,0,440,1070,1560,930,100,15900,560,270,390,390,1590,1420,17900,4270,400,6000,500,690,200,3670,960,140,52590,650,2610,2530,7090,880,31720,12020,980,4750,700,270,770,1340,1570,930,460,3760,800,1050,13160,570,1130,14860,8120,1700,170,4480,5510,1450,60,2460,650,0,57500,970,0,0,460,0,460,180,4700,2400,27140,0,430,14580,2180,1200,5180,220,37170,0,10830,9220,5400,2140,2350,550,7220,1600,8350,11030,1150,4940,1040,1760,4900,8550,430,3830,1790,1010,19120,1640,1050,180,210,530,5040,8450,4260,1640,15820,4430,1470,250,1750,330,1710,9260,3980,7950,1190,1980,4220,170,0,80,530,260,450,11800,830,660,240,110,730,4950,1410,0,50,3730,4210,3320,400,560,1670,2040,5500,1750,1060,1050,1430,240,4540,2420,1350,970,6030,180,2350,2620,560,4000,20500,720,1310,730,1130,18800,3660,2120,560,440,1260,780,970,520,270,2150,6600,460,20920,6250,220,9050,8610,0,930,410,400,410,0,2290,5400,31540,17270,78320,34600,7630,21630,1930,200,310,1030,2350,90,420,420,0,40,110,6850,2470,50,570,13030,420,1640,2840,26230,0,1350,170,200,30870,11350,134750,10010,4820,26190,460,660,860,5310,180,160,8930,5680,14010,0,1530,40,2500,2510,0,1640,3780,650,210,1580,1200,90,1010,1530,12490,1190,6980,3450,3250,930,9310,6860,0,1420,13440,410,1880,970,4370,4910,1140,3370,12150,50,2280,5260,560,940,2570,2080,5120,1730,60,350,180,1270,1060,16190,230,540,770,280,110,6750,0,210,90,5250,390,5850,2260,1030,140,350,540,960,5040,50,440,80,1640,80,1900,30,100,60,540,570,3990,3980,630,870,1020,1080,250,3210,350,2120,6730,8790,1350,13020,7930,18580,7280,10170,2140,4310,19360,540,2060,1410,25320,1150,850,340,270,4100,10800,840,2240,0,970,40,14730,5000,51990,24520,670,45070,4530,9230,8000,3250,7180,1610,8880,280,540,470,5100,2740,2580,430,0,5180,45630,7990,1210,80,330,500,4480,880,230,1590,8870,1520,4840,170,1110,2510,590,7350,300,150,100,590,1120,1290,230,30,5850,1510,8860,3100,1600,1490,1000,2040,730,0,210,1660,630,5590,430,1460,4250,130,120,0,2860,1610,13460,0,5550,530,6450,10700,710,1280,5390,5310,130,3030,580,450,7970,7590,1320,9740,2850,2530,900,11770,2390,16460,2020,320,3770,5060,38020,13640,7610,3310,280,3160,750,1480,42890,2160,2860,2350,600,4510,2210,70430,3230,11690,26760,1980,2530,1640,2640,820,1330,3330,910,5220,210,0,520,17020,4100,2870,0,400,26970,80,230,1360,570,43790,6210,4920,7000,3640,31310,8410,20480,0,50470,3600,28010,32390,430,146380,10470,98780,11400,14900,20400,16330,6510,9620,3170,89770,33230,2190,32860,960,2800,980,260,9560,360,6600,4330,200,270,6070,9870,210,780,140,0,2270,990,23680,30,4800,1190,1230,1320,580,260,1600,0,22040,92040,3040,10980,12810,8060,41690,13500,9900,147440,750,13170,9000,176270,4740,15420,10010,2650,14240,13030,63350,2040,100,570,1000,6820,3430,6330,170,63570,4060,340,11360,11320,24480,60390,490,6870,3630,23390,3870,9360,500,2110,850,116020,9000,4540,8230,9830,5270,8610,900,6650,5520,38180,2770,0,2190,2720,3520,7310,1340,3950,14380,5600,13320,24370,89700,2240,20780,9630,24450,104420,6150,2070,8990,6790,1030,11580,4850,143570,2000,480,690,22750,440,360,0,520,0,3040,0,170,0,570,90,19910,630,3150,390,30620,1870,240,60,1060,4960,60,38180,2140,80,20220,1940,180,21850,3240,1370,610,370,5890,140,1070,14010,250,320,3990,4220,5169800
"rhode_island","RI",810,140,0,290,0,0,220,0,170,0,0,1520,110,560,0,90,0,0,0,0,0,0,2160,0,0,0,0,0,0,1720,470,0,520,0,0,0,0,0,0,4550,0,270,240,680,0,2250,530,0,490,0,140,0,0,320,0,0,140,0,260,650,100,0,570,150,0,0,300,390,170,0,60,0,0,4070,0,0,0,60,0,70,0,390,0,2590,0,0,560,100,0,200,100,3060,0,1070,690,430,270,30,110,380,40,0,430,70,0,0,30,420,630,60,480,0,30,1490,120,0,0,0,0,540,610,280,360,1530,70,50,0,240,0,130,630,200,970,280,180,280,0,0,0,0,0,190,1230,0,130,50,0,70,450,0,0,0,0,190,320,0,0,50,100,320,250,0,0,50,0,90,60,0,150,390,0,210,130,0,690,1270,650,110,0,170,700,200,360,50,0,160,0,0,0,70,60,170,0,2780,550,0,580,500,0,40,430,50,0,0,70,160,1930,1430,3180,3750,540,1820,0,0,0,0,0,0,100,150,0,0,0,870,270,0,50,1150,0,0,0,2180,0,150,0,0,1340,750,6160,1110,280,1840,0,0,0,370,0,0,850,430,1750,0,190,60,460,30,0,260,280,100,0,80,0,0,0,0,780,190,430,1160,200,0,590,670,0,40,1210,0,0,0,440,260,0,60,1160,0,290,720,0,40,100,60,160,100,0,50,0,0,0,2400,40,40,40,0,0,0,0,60,0,190,0,410,260,120,0,0,0,0,610,0,60,0,140,0,200,0,0,0,60,0,100,140,0,0,0,50,0,280,0,70,230,1020,0,300,510,1740,770,750,260,0,2400,70,330,110,1800,0,70,0,110,340,1220,0,300,0,60,0,1390,540,3480,1800,0,3690,80,390,480,340,390,280,960,60,50,30,690,320,160,0,0,930,5510,850,60,0,0,0,710,240,0,200,610,170,230,0,0,260,0,1260,0,40,0,90,310,80,0,0,380,120,1150,230,170,100,90,170,110,0,0,200,0,390,0,110,280,0,0,0,170,180,1440,0,290,40,440,910,0,60,360,330,0,190,0,0,500,420,80,1070,0,360,40,720,100,1530,270,30,290,290,1060,1380,660,260,0,90,50,90,3470,640,90,240,0,340,270,6640,200,890,2510,150,120,0,200,40,0,620,700,1710,60,0,0,0,650,300,0,80,2070,0,60,0,0,2930,450,340,500,530,3220,1480,1060,0,4900,1300,4620,3690,40,9560,3640,10220,860,1750,2100,1350,770,820,430,7060,2800,190,4150,0,0,0,0,1000,0,0,0,0,0,140,700,0,50,0,0,0,0,1080,0,450,0,110,100,30,0,390,0,1690,3390,310,630,790,740,4010,820,1120,10540,0,1300,850,13720,530,1370,1720,190,1400,530,5630,150,0,0,0,270,0,180,0,5660,560,60,570,700,1810,6090,0,480,270,1380,570,580,0,600,70,9880,440,460,530,660,380,1010,0,320,600,3850,0,0,90,270,420,470,0,280,1250,660,660,1910,7270,510,1150,660,2470,6610,410,260,640,420,0,900,260,9950,230,0,40,2720,0,0,0,0,0,350,0,0,0,0,0,1870,0,0,0,2740,0,0,0,80,280,0,2520,0,0,660,0,70,2040,250,90,0,0,610,0,0,1400,0,0,0,500,404020
"south_carolina","SC",3940,930,280,880,1750,90,1800,180,890,260,0,0,600,410,120,640,0,0,0,0,160,0,3970,0,40,0,0,0,0,8140,1370,200,3370,180,420,110,1410,160,0,14470,210,470,1020,1640,410,10360,3650,230,1840,60,510,270,630,870,90,150,1690,310,260,5530,270,290,7930,1690,1060,0,2770,1290,310,0,460,0,0,25690,410,0,30,390,0,430,0,2100,810,12860,0,160,2060,160,940,1660,680,44460,0,1650,2060,2000,2930,1210,110,3110,400,1680,2880,330,2280,240,1460,910,2800,170,1490,410,150,10910,430,60,400,0,140,2180,2250,1300,300,6630,580,450,0,360,90,250,2230,500,3190,920,280,3210,70,0,0,290,1020,730,4200,3380,3230,1970,100,250,1250,130,40,0,1060,1280,280,660,0,380,190,3200,980,1070,270,70,110,2170,400,290,260,2170,150,1220,1680,510,870,11850,270,400,100,260,6500,1370,800,390,0,270,120,420,50,0,610,3940,3750,6710,1710,60,3220,3100,70,300,320,180,130,0,870,820,5660,7510,26520,13390,1630,5940,580,0,0,100,420,0,90,430,710,60,0,570,860,60,100,3320,50,330,500,3580,50,700,0,0,7580,3580,50090,2530,2210,8340,0,0,0,2090,0,0,3540,1070,5160,0,90,0,920,390,0,520,1050,340,350,860,0,0,70,690,5400,310,2060,1310,790,620,6860,3110,0,500,5220,0,1310,0,590,890,360,810,3020,0,700,1700,120,390,1440,740,540,1040,0,60,0,50,90,5080,160,160,220,200,0,310,0,190,60,1100,50,2920,370,170,100,100,100,60,1170,0,140,0,380,50,780,0,0,0,190,0,580,1060,50,900,220,210,100,1100,240,160,830,4500,90,770,640,3440,2010,0,840,440,4730,150,500,90,6200,150,110,80,640,1640,5340,140,240,0,660,60,4610,2550,21450,9070,190,14770,1110,3400,3200,1280,1410,370,2870,80,110,90,1920,1400,600,140,0,1950,15410,3890,180,40,80,190,2500,710,30,560,1840,470,1610,40,230,810,220,2880,60,40,60,240,540,250,40,110,2500,460,2040,880,480,220,490,660,670,0,110,550,130,2900,90,470,1450,0,0,0,900,500,4800,0,1250,90,1280,2670,200,200,1710,1450,0,780,110,170,2820,2050,430,2720,820,720,270,5110,900,6470,690,180,1760,1740,9440,5240,2590,1090,210,2150,360,310,10130,800,470,350,80,1140,650,31780,1100,3920,9260,510,760,220,910,210,390,1720,1260,5370,240,0,260,6720,1940,1030,30,70,11600,0,200,180,0,14210,540,1080,880,3450,16290,14210,8210,0,21750,4210,10570,7560,220,52450,2380,36570,2170,3050,5910,6880,2880,1620,1960,30990,16470,2070,13790,290,600,40,0,2050,170,3150,160,150,0,1790,6100,0,170,0,100,940,0,4330,0,180,0,440,340,240,140,850,0,6640,14020,600,2770,4460,1910,22830,3210,3410,64740,0,4860,3210,69430,1490,6260,1970,880,2480,3350,20450,1350,0,0,920,3990,360,2200,0,25280,1690,80,3090,5730,6160,21080,0,1830,1200,7000,250,2730,0,1740,450,48070,450,1130,5810,2140,1090,3100,300,1110,1560,11880,1040,0,1290,1030,1430,2170,670,960,4780,1220,5450,9510,27320,1230,4070,2020,7580,38070,2990,500,1620,500,110,2170,810,30280,330,40,150,6720,400,120,0,220,0,1290,0,190,0,1330,120,9570,240,730,50,8380,340,160,0,290,1670,0,15290,670,140,5390,920,0,7520,820,370,640,600,2540,0,770,4000,0,390,1300,1950,1801950
"south_dakota","SD",510,750,180,400,210,0,220,60,260,0,140,630,70,1530,70,110,0,0,0,0,100,0,730,0,0,0,0,0,0,930,340,0,500,0,0,0,460,30,50,4540,110,80,390,640,0,2040,960,710,520,0,70,120,310,280,0,80,290,0,230,990,0,150,1230,70,120,0,690,490,130,0,210,0,0,2690,170,0,0,0,60,0,0,0,380,1380,0,130,1420,70,610,180,760,3300,0,500,320,710,1910,790,150,470,150,350,400,60,230,80,70,270,960,70,150,0,0,960,0,0,0,0,0,480,210,160,180,3020,390,0,0,0,40,130,740,130,1020,50,60,280,0,0,0,0,0,0,1580,0,0,0,0,40,790,0,0,0,370,690,140,0,0,40,120,880,260,60,0,0,30,370,200,190,70,250,70,600,560,50,70,730,110,130,0,70,850,820,140,70,0,80,0,80,0,60,0,160,30,30,60,0,240,400,0,360,0,0,0,0,0,220,1570,1110,7770,2590,630,700,170,0,0,0,170,0,0,0,0,0,0,140,580,0,80,740,0,550,60,1140,0,370,0,0,1080,1220,7060,490,290,2120,0,0,0,430,0,0,300,100,1650,0,0,0,0,0,0,0,100,110,90,140,0,0,0,0,1110,0,280,120,90,80,530,340,0,0,520,0,0,0,0,230,30,170,210,0,420,170,0,0,130,140,80,110,70,50,460,0,60,610,190,100,290,120,0,140,0,0,0,150,0,400,240,70,0,40,0,0,250,0,40,0,200,50,50,0,0,0,90,250,210,90,0,0,0,80,30,130,0,80,490,780,90,450,480,1620,550,290,140,430,910,0,170,50,760,0,0,0,40,220,350,50,410,0,0,0,1140,650,3960,2030,50,3550,340,560,200,290,500,320,250,0,80,50,530,650,70,0,130,370,3630,610,0,0,0,40,230,80,0,220,650,140,440,0,0,140,0,900,0,0,150,0,0,390,0,0,110,250,950,170,100,50,190,60,80,0,0,110,80,820,0,160,350,30,0,0,170,120,1240,0,520,0,350,730,30,50,330,370,0,240,0,50,760,370,210,620,240,360,150,940,0,1250,0,0,500,260,1820,750,1080,420,30,170,0,120,690,220,80,90,0,220,130,3730,90,840,1030,150,610,0,200,130,50,140,100,520,0,0,0,1350,870,210,120,0,1750,0,50,30,90,1120,50,470,280,80,1900,1940,2540,0,1830,1660,2890,3160,90,9390,3000,7240,160,3050,1840,720,430,300,180,8330,4420,0,2510,580,280,50,0,420,0,600,280,150,0,310,1180,0,0,0,0,140,0,910,0,70,0,0,60,0,300,410,0,2710,2600,200,1010,660,2350,2970,690,580,13200,290,930,1620,15500,520,1870,530,150,710,1550,5390,110,0,30,0,300,110,1040,0,1830,40,0,940,3470,820,9610,190,390,140,2190,0,730,230,850,220,7710,450,90,2250,490,0,2090,40,340,240,4570,230,0,370,150,320,580,60,420,950,280,610,950,6030,150,2660,650,140,5840,110,0,170,0,0,1040,240,3670,80,0,0,2380,0,0,0,430,0,250,0,610,0,50,0,1210,0,340,0,4110,0,130,0,70,1950,0,1740,150,0,1880,470,0,2050,590,260,170,40,570,0,220,1240,0,40,430,430,378530
"tennessee","TN",5450,1090,660,590,2420,230,1940,360,1480,350,0,7180,770,1780,280,330,0,0,0,60,280,280,12880,110,0,70,0,0,200,10630,1670,400,6280,170,240,350,1490,550,90,16430,370,1680,1310,3530,470,13330,6950,660,3000,210,470,300,930,900,0,670,3600,280,890,7570,670,430,8560,4270,920,150,3640,960,460,0,1070,120,0,29710,740,0,0,250,90,210,80,2980,1180,16230,0,610,3660,960,1280,2060,510,62800,0,3690,3020,2840,2490,1800,230,5100,340,2330,2160,490,1980,1980,710,880,6560,240,1840,810,490,7580,460,70,670,30,300,3250,0,2640,620,6830,3260,410,180,510,140,610,4690,1000,4480,740,0,3620,180,0,0,370,50,390,6380,460,370,660,0,910,1640,180,100,0,1590,1820,1200,520,120,520,660,2760,1310,580,200,210,420,2730,690,580,300,3080,410,1740,2590,950,1590,13840,120,480,1750,660,9630,2370,510,200,0,1930,420,680,50,70,1000,2020,480,21500,3400,0,7740,4980,210,410,140,600,0,0,150,2540,11190,9060,58120,18810,2750,7250,780,0,0,400,640,0,1030,750,40,0,60,2360,2970,520,240,4110,70,1330,510,6060,70,1930,0,30,17730,5690,96260,3980,1540,18510,0,130,0,2230,0,190,8890,1220,5430,0,80,0,1770,600,0,870,990,180,140,800,310,0,300,690,4990,730,2440,1000,1130,850,6440,7550,0,710,3980,50,750,0,2490,1090,410,1240,5540,0,1560,2430,360,670,4380,1250,1170,1250,40,130,100,250,310,13690,80,300,170,170,0,1540,0,220,120,1140,180,5030,1210,220,90,80,60,60,1700,0,180,0,340,90,2000,0,0,0,380,350,660,1550,50,240,260,690,390,4090,0,1090,1660,4150,680,2470,2960,4790,3040,1630,960,1800,2250,500,630,90,7570,140,300,110,400,3160,3830,130,710,0,1140,70,6570,3150,29950,10340,100,19330,2490,5460,4930,770,1900,670,2480,90,160,110,2610,1340,750,130,210,1930,21590,5660,280,0,180,190,4460,440,60,1010,3010,840,2230,120,610,1380,240,3510,560,110,80,320,1680,810,220,0,3350,690,2220,1150,670,700,620,1740,290,0,540,930,440,9710,440,400,1040,100,40,0,990,640,7980,0,1570,100,1970,4330,520,350,3810,2490,0,1230,320,370,4620,7480,1140,4000,1100,1900,670,6620,630,12740,650,190,3130,1280,23620,9460,5230,1710,80,2140,550,450,5950,2550,510,930,0,2730,1690,44400,1070,5400,14430,820,1490,820,3020,280,810,3860,2020,5140,0,0,340,8990,4820,1360,350,0,12450,80,220,600,0,23350,1010,2870,2140,3420,17250,14390,9750,0,21680,6500,16530,7500,140,74390,10610,50690,6950,5250,8300,9260,3440,7570,1890,36990,21410,2120,12530,590,900,40,0,3760,170,3100,0,0,70,3090,5520,70,40,530,200,1270,0,6100,0,300,0,800,500,610,130,1050,0,9960,17150,3260,2990,6080,7850,30190,3940,5980,72320,0,7220,5910,93500,2270,7780,3880,590,5720,8600,21240,2710,0,150,490,1330,950,3750,50,34280,2520,100,5010,6580,11510,30160,0,3310,1370,10420,1020,3290,420,2850,1440,59650,3080,2100,6440,7700,1080,3670,950,4830,2640,17260,1530,0,1040,2070,2410,4770,1110,1530,6600,2120,7960,17520,53930,2710,8910,2840,8840,55480,2390,2180,4840,260,140,4440,1540,53250,980,120,40,6350,170,290,0,0,0,1400,0,340,0,750,110,9210,280,1440,130,6650,0,100,200,430,2330,0,18000,2220,0,4550,1580,100,10800,1740,780,750,440,3010,0,1280,6650,180,310,1690,2720,2613670
"texas","TX",23370,7230,1750,4750,8190,1520,9160,780,7440,2170,1980,29320,4250,6570,1790,1970,140,4980,6510,20310,2110,720,67810,350,200,190,0,22840,6700,38300,13000,1410,24780,1890,1820,1480,6660,1840,2360,118320,1830,7760,16800,11020,1570,47080,26320,2310,13360,1940,1350,1310,3010,5750,420,1420,11980,1660,8820,24300,1210,2110,30390,10490,3300,140,10680,10340,4930,0,3180,670,0,110920,1820,290,0,2330,280,4100,810,16970,7940,47700,3310,690,16190,8300,2190,8860,1780,47930,0,23710,13050,9650,8040,0,1890,8590,2750,12660,11150,1760,5210,1750,950,5660,12810,800,3850,4250,1620,26450,580,610,200,210,520,7360,8830,1920,3600,53790,2720,1760,580,2380,220,1950,10350,2730,15060,6140,2360,8060,1470,0,880,2220,160,1270,22400,650,310,920,100,1920,9500,1220,0,80,2100,3780,4000,0,860,2950,1770,10030,6850,5090,2780,10570,800,14760,2490,2420,1610,9340,730,3970,5710,920,9090,51360,2970,2260,500,2610,22220,8580,5070,1270,4700,1150,940,0,790,1040,3180,5510,330,44700,9570,650,12440,22110,10590,5170,1810,2060,920,15490,800,12940,34660,48570,175780,65930,10700,58680,5350,190,600,3320,4550,160,2660,3080,80,480,60,10320,10620,410,3720,20430,1510,1960,8110,60550,0,7500,90,120,59100,35180,178880,30850,4830,49080,200,3780,4130,7760,0,3250,22310,12010,32090,0,1180,130,10620,1590,110,3680,8520,1460,1590,4250,7450,100,1090,6970,26580,3590,14850,12900,2910,2990,16060,20440,970,2100,19690,720,540,17780,9070,11700,2970,4900,20010,1200,11750,15370,1400,780,3290,4980,7050,7730,180,570,820,1160,800,27670,290,2270,1740,120,410,3540,220,970,650,6400,320,10150,5050,9070,340,1100,930,570,5820,0,660,100,2130,310,5030,120,120,370,2140,1930,3760,6260,6340,270,1400,3630,1030,9390,370,7790,3760,23890,1250,4850,3950,16640,9840,3310,2570,8070,16620,690,2480,530,43240,670,1210,450,2790,6670,22120,1370,8830,0,1570,340,27140,15490,144980,72080,1370,106870,9290,5890,26440,6330,10620,6370,14740,490,540,510,10370,3740,2350,1350,450,13500,84270,24970,1740,560,600,1720,5120,1100,460,3280,12110,4970,12920,530,1320,5640,210,12380,970,760,450,1150,1600,2280,850,50,11240,1890,25940,5290,3930,2060,4030,4720,1920,0,510,3040,1330,10520,950,2150,8420,670,360,0,4610,2410,21560,0,6650,580,9160,14910,1360,790,11700,13520,0,4450,970,1310,12380,11780,3110,12500,5160,5190,1330,18630,2870,33030,3810,1350,10800,9490,70810,21840,17110,6430,330,11560,3150,2820,67180,13610,2000,3750,400,6780,5650,168610,6790,28210,57960,3170,4680,2320,5140,840,4180,2730,1500,27870,1370,50,830,49720,11420,16900,470,420,62580,620,1490,2400,0,88360,5900,13360,3650,8280,79620,51680,37150,0,101210,20570,60140,40160,480,330510,49540,219680,20980,37690,35240,39280,9060,15350,6680,168060,68440,5840,66770,1160,4300,50,0,11990,910,14460,180,810,510,7430,18810,200,1320,330,240,1840,3120,22690,220,2260,920,4410,2260,2690,770,2050,30,56660,188790,9290,14800,18670,7810,98400,27360,25420,272270,140,46870,22820,383080,7700,32330,34780,4360,19650,33000,118160,8560,1220,1840,2590,16210,11620,21020,1170,115950,7260,350,23760,29940,42040,125140,90,13890,7170,49510,4430,17070,630,10060,4270,257600,12350,12900,20570,10260,5670,27030,4280,22100,11620,55940,14910,0,11820,6120,7530,20230,2620,4680,23990,6880,33030,64660,165180,7550,41800,14010,96290,176670,13280,3750,20310,1470,1140,34980,7190,363020,5260,300,670,35330,1160,570,0,3340,0,7000,0,150,40,690,30,68270,2880,3740,1320,36870,680,370,150,1910,19800,570,100600,5010,390,36560,9450,520,57540,5730,4520,4070,3470,18740,0,5700,40530,1620,4100,6750,11090,10685220
"utah","UT",4560,1680,480,290,1280,0,770,0,980,110,370,6250,410,950,0,380,0,170,270,560,210,90,7710,0,80,70,180,490,0,4330,1290,80,2360,270,120,0,840,180,60,10600,220,820,2070,1530,80,6510,2860,200,1840,380,230,240,250,910,140,180,1490,460,500,3260,380,430,3220,1050,210,0,740,690,310,40,650,0,0,11150,270,0,0,140,0,150,160,1190,830,6050,170,60,1950,70,120,920,110,12350,0,2170,2030,1010,530,1280,270,2930,150,1920,1220,170,460,0,200,460,940,0,530,90,70,3400,620,110,60,0,200,1790,1670,200,400,4670,120,150,60,200,0,380,1560,1070,1750,140,390,890,130,0,0,300,0,180,4550,50,0,60,0,120,2250,250,0,0,160,770,1860,0,140,370,150,1480,790,0,130,800,70,670,0,270,230,2300,470,540,520,220,980,5920,350,800,320,270,4590,820,470,80,50,320,0,190,0,120,840,410,0,4270,2320,60,1610,1250,0,330,680,0,170,0,110,850,2420,3070,22350,8380,1370,3800,0,0,0,0,0,0,0,0,0,0,0,590,1450,30,550,4210,380,100,390,9700,0,420,0,0,4470,3780,18370,3890,460,6240,90,0,90,710,0,0,3360,940,3560,0,140,0,780,210,0,380,760,200,140,660,800,60,580,120,3250,1330,1560,1520,400,230,1850,2120,0,400,3510,290,0,220,740,1710,250,650,4190,130,580,1570,140,230,680,1050,1080,350,0,120,60,210,190,4860,280,230,260,0,90,550,0,30,160,880,50,1840,620,210,120,110,60,180,1410,0,0,30,320,110,450,0,60,0,260,100,710,970,200,0,470,310,120,1550,1370,470,910,2910,260,1210,490,1920,1130,1130,370,650,5610,170,0,60,4580,460,160,30,100,1000,2620,0,580,0,400,0,960,660,15680,4820,80,9150,440,3650,2600,620,910,0,3640,0,60,70,770,560,290,490,0,1530,14590,1820,350,60,150,210,1080,300,50,520,2900,470,910,50,780,710,180,2160,0,220,50,220,340,260,0,60,2120,310,1650,860,680,690,1270,1290,140,0,0,680,200,1500,200,370,1130,0,0,0,630,420,2560,0,1000,100,840,1720,130,360,940,1170,0,360,150,150,2280,2320,410,2650,340,510,130,1860,680,3940,820,0,1150,1030,1910,2640,1600,640,0,720,170,190,2800,0,910,140,130,640,780,36200,1070,5010,7180,470,290,350,450,120,320,920,600,2570,170,0,120,2080,2300,370,0,90,4400,0,190,100,0,5650,1500,2160,1280,850,8070,2650,3760,0,8670,520,7170,2290,130,41490,4040,18800,1030,2330,3550,3270,1420,2190,1010,21710,8270,410,9640,270,0,0,0,1440,130,1430,0,0,70,2040,4170,90,120,0,0,120,0,3180,0,0,0,670,280,150,110,980,140,6020,7870,1310,3480,3700,2150,9700,2540,1880,28080,0,3230,2200,43450,1130,3420,4110,1030,1910,4180,14440,770,0,70,320,2030,550,4750,0,15270,700,0,2550,5460,4450,13560,0,1580,970,5520,490,2470,30,970,400,44480,1910,1060,2930,2410,1150,3260,350,1490,750,10870,6500,0,570,450,680,1700,340,650,2190,690,3720,9720,17520,660,5110,1250,3540,29370,2370,360,3890,740,70,1230,1410,25980,460,0,90,5610,50,0,0,0,0,820,0,70,0,0,0,7190,340,1390,240,8990,500,150,0,1320,3460,0,13490,450,0,4920,2490,590,8510,510,500,240,350,2420,0,480,5710,230,0,1680,2060,1237590
"vermont","VT",670,60,140,190,0,0,50,70,170,0,0,1520,110,1470,0,80,0,0,0,0,0,0,930,0,0,0,0,0,0,1170,0,0,740,0,0,0,200,0,0,3050,180,70,210,580,130,1890,650,110,200,0,90,0,210,130,0,0,110,0,150,890,40,70,610,80,90,0,410,150,80,0,60,0,0,2720,40,0,0,30,0,0,0,160,100,1810,0,30,130,70,50,90,0,1370,0,170,680,200,230,50,180,490,50,350,1150,100,180,0,0,190,200,0,160,50,80,600,0,0,0,0,0,140,0,130,50,350,0,0,0,40,80,50,270,0,490,0,40,170,0,0,0,0,0,0,570,0,0,0,0,0,350,160,0,0,240,500,100,0,0,110,60,350,0,0,0,0,0,0,110,190,130,270,80,300,210,0,120,890,200,170,0,50,1500,230,40,0,0,0,0,0,120,0,0,330,0,550,380,0,440,620,0,90,0,30,50,0,0,430,1450,670,3540,2130,680,480,0,0,0,0,0,0,0,0,0,0,0,120,0,0,0,420,0,70,90,1040,0,190,0,0,870,540,2830,880,0,770,0,0,0,480,0,0,480,230,1360,0,0,0,60,40,0,210,250,130,40,100,0,0,0,0,740,30,490,70,100,70,550,410,0,0,490,0,0,0,60,190,40,90,340,0,370,320,0,90,1260,40,30,120,0,60,0,0,40,740,110,0,110,80,0,290,0,0,0,170,0,400,430,50,0,0,90,0,410,0,0,0,180,0,150,0,0,0,40,90,110,70,0,0,0,80,0,130,0,60,340,770,0,670,520,1500,400,980,200,200,2480,0,40,0,1120,0,50,0,0,210,660,0,0,0,50,0,1130,380,3680,1050,0,2580,250,280,520,240,490,120,650,40,50,40,750,550,330,0,0,570,5110,890,80,50,0,0,390,150,30,130,530,60,120,0,0,290,0,1290,60,0,0,60,0,140,0,0,270,140,1020,300,120,150,160,90,50,0,0,110,90,340,0,70,170,0,0,0,200,90,490,0,320,0,270,740,40,40,210,380,0,220,0,120,180,250,230,740,50,80,0,480,40,530,240,0,80,410,1350,780,480,100,0,100,0,70,540,0,70,80,0,150,80,2760,330,510,650,100,160,210,0,130,50,180,60,230,30,0,0,570,400,230,40,0,1280,0,80,0,0,1120,450,320,600,350,1770,640,1130,0,2430,520,1730,1880,0,6150,1100,5400,350,1050,1350,570,510,560,270,4970,2150,70,2750,0,260,0,0,440,0,450,0,0,0,50,350,0,0,0,0,70,0,570,0,0,0,120,130,0,100,150,0,1130,6680,400,810,1120,410,2600,540,680,9700,0,910,580,9100,270,860,470,160,240,590,2370,70,0,0,70,0,100,70,0,1950,200,0,2200,400,1050,5450,0,330,130,1120,50,350,0,690,0,3470,60,0,770,340,290,230,0,790,170,2470,170,0,60,260,280,350,60,440,760,190,450,1740,2680,220,2130,340,960,5970,150,50,450,0,50,580,130,1750,90,0,0,620,100,40,0,350,0,280,0,0,0,140,0,1500,0,90,80,3130,50,40,0,0,260,0,1510,0,0,1120,200,50,1140,190,0,140,0,690,0,50,670,0,0,310,380,264580
"virginia","VA",10800,1310,2010,2430,3490,140,2340,470,4510,0,700,18500,1310,4190,380,730,0,0,80,190,300,60,30530,760,700,240,0,0,0,13860,3510,510,3620,170,530,660,2200,840,430,40220,350,2880,2180,4200,0,20380,6360,580,3650,330,420,320,970,1480,440,200,1930,460,1090,10720,240,0,8920,1550,730,50,2930,0,3610,0,940,150,40,32020,510,170,0,590,0,1290,0,4200,1840,12530,0,0,3400,1230,350,2210,120,16340,0,0,3010,2840,4380,1510,0,3310,480,4560,1460,260,1110,0,480,2280,2240,260,790,210,290,6460,190,0,30,0,0,2690,1330,610,1710,7270,1730,130,550,510,150,730,4830,1010,5070,1420,590,2420,180,0,50,990,220,340,9170,910,1270,720,30,880,2950,390,0,0,2240,1930,1410,0,470,570,720,3110,2200,0,360,120,120,1240,0,680,460,1930,130,0,2040,660,4380,9120,0,950,310,630,6560,1310,2120,210,0,1330,1320,270,120,250,950,2490,0,6210,3840,130,3670,5230,2880,550,2550,1060,0,4070,290,4880,0,10750,40450,21150,4600,26480,0,0,0,0,1020,0,2270,2220,30,1520,0,2080,1820,400,670,8780,340,0,910,34790,0,1370,0,90,12740,9700,49810,24950,2510,13000,0,0,0,3430,0,180,5360,5830,19470,0,200,470,7930,1120,0,1250,2960,690,440,1470,2350,0,230,1130,9410,1380,6340,4770,1200,610,3650,4120,1710,490,6950,0,2730,300,4330,2060,490,2020,13720,160,2030,5720,620,410,890,1170,3250,1890,0,80,120,500,380,13370,280,580,650,280,110,1900,0,830,400,1540,350,2400,2840,400,70,1040,1170,310,2340,310,340,100,1210,150,2480,70,140,850,4850,360,1790,1240,40,360,900,680,660,2030,260,1660,2750,6610,1000,8980,3010,8620,2990,4210,1180,2880,6750,360,1190,560,16890,90,510,0,0,3480,0,0,980,0,950,30,9720,4790,35610,16180,360,26050,2540,6320,5270,2760,4100,1920,0,100,380,330,4100,2290,1030,270,390,4650,30360,6620,680,0,260,430,3050,410,50,1080,5450,1210,0,240,600,2030,170,7970,650,80,360,580,800,630,0,60,4030,760,6920,3530,2590,1310,2400,1550,640,0,280,950,250,4150,290,810,2950,160,0,0,1220,1240,7000,0,2450,220,2850,5790,400,370,2470,3140,0,2520,360,330,4340,4060,1070,4970,1610,1610,750,5110,680,9070,3440,50,2430,1650,21410,7450,5030,2210,110,2670,390,780,11340,1360,1240,1040,170,2550,1260,52380,2470,8230,12510,910,1850,570,3040,410,2180,2600,1580,9980,250,0,510,13630,2590,3430,220,530,18470,0,370,0,0,32970,820,0,2440,3080,25810,13490,7300,0,32940,2150,18740,10590,440,92780,11910,70230,8150,8180,12150,11190,5320,16770,2750,63110,24500,2350,26680,330,0,0,0,5470,520,6840,0,0,170,2540,5890,80,220,130,180,1700,0,10190,0,2460,910,910,1330,1930,0,1450,0,13580,41200,0,10890,10810,3150,32530,12520,6810,108920,0,13940,6110,122290,2370,10180,5240,2130,5110,6220,29500,2730,60,540,1700,6720,1790,8120,0,40350,1380,140,7520,7840,11330,39810,0,3290,1920,11680,1360,9150,110,2050,0,62410,3860,2130,7320,5140,2480,7800,980,2810,4380,32240,3540,0,2700,1170,3140,4690,770,2310,8290,2570,8490,13030,56770,1830,14680,3010,5200,41600,7020,990,4380,580,180,6780,3800,87200,1480,320,70,46670,700,690,0,680,0,3900,0,0,420,1370,130,18570,400,2580,430,16890,280,0,60,560,4160,0,21370,1730,90,10770,2020,0,16680,2340,900,710,1140,6260,0,1500,12570,90,610,2310,3900,3270730
"washington","WA",5780,1270,230,790,490,410,460,140,2930,170,590,16230,1320,2250,150,600,0,0,0,0,300,0,32530,40,0,210,0,60,40,10490,2190,690,5020,1140,290,420,1750,260,170,27370,210,840,4890,2190,730,13010,5120,840,3530,400,790,340,480,880,200,600,2930,340,510,4070,640,1030,6070,1490,1420,0,1780,1400,1310,0,1080,330,0,31340,560,230,0,330,50,990,110,1800,900,13500,0,180,4370,460,860,2090,980,14620,0,5740,5270,3630,3550,1230,260,3420,700,3890,1660,390,900,0,490,1970,2240,70,1100,340,350,9970,590,340,110,40,180,2430,770,1260,410,8060,200,170,590,490,380,440,2440,750,3130,840,410,4320,120,0,30,1990,0,150,6710,80,270,410,60,460,2130,410,0,0,1810,2300,1090,0,380,420,650,2450,0,640,70,1090,280,730,1230,420,450,1450,0,1740,980,340,3430,11860,320,910,120,360,7450,1430,2420,350,1180,390,670,780,90,0,590,1730,0,6570,5830,180,3530,4890,2120,1180,0,600,220,3530,290,5990,12030,7780,31090,18110,3610,18130,0,0,0,0,0,0,3210,2160,130,810,80,2860,2210,100,680,10280,0,530,1250,49010,0,720,0,0,10590,7380,55530,13960,2120,18730,0,0,0,1890,0,350,7390,2070,9080,0,350,0,3060,1040,0,2100,3520,750,400,850,0,0,300,450,11270,1810,5540,3560,1560,520,7680,4890,630,0,7750,100,1420,160,3530,1990,970,2250,11790,0,1730,2180,180,350,0,820,2170,1220,0,140,520,300,290,12680,1990,1180,920,520,270,4430,0,460,270,1590,0,2500,3340,1070,370,310,310,140,2050,0,390,80,2070,220,2010,30,0,100,740,330,2760,910,90,40,330,1050,460,2190,1290,1420,2810,4740,350,4050,4880,6160,3000,2300,1590,2110,6100,380,510,150,10760,460,320,150,990,3360,5270,0,1390,0,680,130,8870,7680,24320,9950,420,14130,2780,5910,6950,1230,1940,2470,6950,160,290,300,3130,2870,1150,70,90,1920,35530,4790,770,160,420,1800,2120,400,280,1300,5000,1510,1880,160,470,2490,180,11170,400,0,90,200,1070,600,0,0,4460,760,5390,1750,1190,1250,1260,1340,530,0,330,1280,260,2190,220,910,2290,0,0,0,1160,660,5900,0,2330,90,2630,4550,470,240,2230,2850,170,1580,420,1180,3380,3250,870,5800,960,1440,380,3540,540,7330,650,80,2150,1760,7250,5890,4510,1380,190,2160,470,290,6780,310,1840,380,80,1170,800,43760,4030,10320,12950,1760,1620,1150,2970,310,870,2390,2230,8090,230,0,180,6070,2460,2250,110,200,9210,30,180,300,390,18880,1790,2680,3350,2010,19140,5420,10150,0,28820,4030,21680,13520,150,81160,13380,48380,4360,8240,12870,7660,2520,9200,1670,42890,17580,950,19630,650,420,680,170,3810,440,4470,6090,390,60,3650,4440,80,260,0,0,210,0,9160,0,3870,0,870,520,510,190,1150,0,8430,26820,3460,7460,6120,1350,22040,11780,3910,65350,890,11310,5150,101850,2530,8300,5790,1400,5730,4660,35710,2440,0,270,580,7420,1300,2440,0,27640,1740,0,7950,4380,12070,35630,610,3090,1090,10350,680,5900,80,3210,380,55680,3350,1700,5300,4020,2340,3960,630,4470,2580,22590,2790,0,1930,1010,1420,4280,610,1700,6530,2120,10800,14390,35820,1060,9290,3920,8420,38120,5920,740,2720,490,240,4600,880,61810,920,480,480,17110,770,310,0,2720,0,0,0,270,310,1650,250,11450,260,990,320,24180,780,0,230,1000,3660,0,21910,580,140,7510,3970,1810,15160,1720,2130,970,590,9100,50,1110,10210,410,560,4050,3440,2726240
"west_virginia","WV",920,310,100,210,260,0,280,110,340,70,0,830,140,1170,220,130,0,180,300,850,260,320,2740,640,310,40,1620,900,560,3220,530,60,1160,0,230,0,270,290,0,3840,0,220,500,800,150,3900,1990,50,1950,0,0,160,400,760,0,70,860,120,350,1790,40,110,2780,340,230,0,570,1000,210,0,300,0,0,10200,150,0,0,40,120,50,0,850,100,3480,260,210,570,60,0,220,0,2990,0,370,900,650,0,80,0,50,0,460,190,0,330,0,100,170,590,0,190,80,50,1840,0,40,0,0,0,710,220,80,100,2430,0,80,0,210,30,190,510,110,1120,110,190,170,0,0,0,0,0,0,820,0,0,250,0,0,370,50,0,0,820,490,460,0,350,590,150,1240,310,430,330,180,0,1170,50,160,80,1130,50,0,290,310,580,2620,60,140,80,60,2400,380,100,110,0,80,110,90,0,50,230,120,0,1690,260,0,950,1210,80,100,0,90,0,0,240,500,5410,2320,10850,4830,680,860,0,0,0,70,0,0,0,0,0,0,70,130,350,30,0,630,0,380,190,880,0,1090,420,30,2250,1300,12390,580,340,1750,570,110,550,970,510,0,600,430,1110,0,0,0,230,130,0,130,160,40,40,460,160,0,50,280,1390,190,490,240,320,130,520,1590,0,70,380,260,0,270,370,470,50,150,720,0,810,380,0,120,110,0,240,390,0,0,0,0,50,1580,140,180,160,120,70,80,0,0,0,210,40,700,500,90,0,80,30,0,610,0,110,0,70,50,80,0,0,0,190,0,190,600,210,0,420,720,130,460,90,160,380,1490,520,670,950,1030,700,190,470,840,2040,0,140,50,2260,160,110,0,300,320,2150,70,260,0,60,0,1510,1040,6230,4520,0,3770,590,980,550,930,720,130,550,0,30,0,760,320,170,60,310,1530,3630,1720,40,0,0,0,0,120,0,340,490,100,660,0,0,240,0,660,130,0,0,0,140,220,0,0,300,330,290,230,120,120,110,140,150,0,0,140,60,1360,0,90,460,0,0,0,360,150,2290,0,730,0,690,1190,0,50,860,1040,0,300,110,110,830,830,180,1020,500,490,150,2360,360,3110,1600,150,890,440,6090,1260,1290,330,0,610,110,130,3860,1310,120,310,80,800,120,10200,250,1160,3750,380,390,370,490,230,110,250,50,980,50,0,50,3370,660,180,170,90,3720,0,90,0,80,5070,410,540,480,280,5240,1720,5370,0,6110,420,2450,2560,70,20910,2170,12110,160,980,1980,2120,1250,950,480,8630,6470,320,4320,80,150,130,380,970,80,910,1040,0,0,350,380,0,110,0,0,510,0,1450,0,40,0,0,130,60,0,100,90,2250,10710,250,850,1380,770,8080,700,630,22390,1130,980,1600,21980,670,1830,550,110,1340,750,4830,70,0,0,90,330,40,1100,0,9300,430,0,1110,1350,2170,6900,170,880,490,3300,110,780,0,1000,60,11610,1310,350,1570,1110,900,600,320,310,600,4100,100,0,70,280,900,730,420,960,1730,440,730,2190,9550,420,1420,1170,1390,9180,280,210,590,80,50,1150,470,24630,140,0,0,1860,80,0,0,0,0,230,0,60,0,410,180,4140,90,330,0,2890,0,0,0,50,300,0,7400,360,0,6360,190,0,3590,260,160,70,130,720,0,340,1730,0,0,440,380,614590
"wisconsin","WI",6270,1330,200,650,1490,130,770,240,1090,280,240,11210,560,5230,440,590,80,0,0,0,280,0,11140,70,0,80,0,0,30,8380,1600,110,4430,40,330,140,840,240,130,21300,410,320,780,3580,120,11970,6130,1610,1970,130,620,460,1020,860,390,290,960,620,600,5490,200,590,9830,2760,990,0,2230,680,0,0,680,260,0,30430,930,0,0,230,0,110,230,1330,1850,22580,0,1180,9980,2250,760,4030,440,41480,0,4460,3810,1980,2470,3950,1310,10020,790,4370,10560,1440,2740,470,510,2290,9170,330,4810,1250,300,15210,640,580,200,260,1880,8330,7580,3410,1400,14970,1130,630,60,1570,390,1720,8010,3880,3650,470,330,2550,280,0,0,400,60,260,6800,220,0,480,0,320,2200,390,0,0,2040,4940,510,0,90,700,460,2480,750,0,70,70,200,1290,2010,1060,710,5460,590,3190,1690,640,1710,14770,340,710,210,510,16790,5380,980,100,0,570,290,150,80,380,1380,8660,70,10960,2980,70,4000,3310,60,430,0,140,120,0,200,1940,11300,7840,49140,16350,5450,12800,890,0,0,180,680,0,70,160,0,0,210,1230,1870,0,50,5660,0,550,320,15850,0,1130,0,90,12120,6990,52690,3650,3860,19670,0,80,0,2140,0,190,5730,1770,7010,0,660,0,1440,470,0,1010,1220,560,240,720,0,0,180,530,5390,890,3850,950,720,710,8330,6070,0,560,10290,0,0,0,1490,1730,460,2730,6400,0,1680,2070,150,160,1690,2000,1080,530,310,630,450,440,340,8810,360,530,720,430,0,1000,0,350,100,2580,70,6720,950,0,180,90,400,50,2150,0,180,140,470,0,1290,0,50,0,210,1120,1050,1800,0,0,380,510,170,2710,570,870,1810,4290,1000,2550,1840,3470,2690,1520,1660,1430,12600,340,620,110,7530,110,80,160,90,2700,4690,100,770,0,620,50,10120,1670,29160,12280,230,22760,550,3740,2890,630,1360,640,4190,120,250,80,2180,2520,1050,210,60,1650,23560,4750,500,130,140,240,3170,790,140,1200,5000,1200,2660,110,420,1180,200,5040,510,0,0,210,560,690,260,80,3760,950,3670,1800,1120,700,1020,390,830,0,190,920,190,5570,120,1290,2150,0,0,0,1410,450,5560,0,1740,120,2970,4440,390,290,1920,2250,50,1680,160,520,3430,2850,620,5000,1330,1540,310,6580,270,7780,1750,130,2500,2050,7990,7980,5290,1810,0,1110,260,720,4940,0,540,1320,50,1460,400,32350,1850,5690,11810,870,1470,640,1480,360,790,1650,940,9570,170,0,200,6970,1740,1270,330,120,11810,0,170,200,230,11430,1070,3920,3860,1870,13840,4630,11000,0,21460,2570,10110,28120,170,71230,6150,43190,6160,6500,9850,6280,2270,10500,1610,42760,16170,490,16110,540,560,170,90,4680,180,3270,0,0,50,2550,4010,0,290,70,0,590,0,9270,0,690,0,690,180,240,310,970,0,7170,59690,2460,5290,7660,2330,16110,7100,5740,61290,490,7780,5520,85100,2280,8180,4990,1290,6230,3720,38650,1420,80,70,240,1240,1450,5020,150,27410,1150,0,3840,4240,6280,32880,0,2740,740,12270,740,5180,0,1960,560,60650,1230,1520,4810,1710,2050,3810,1160,5690,2270,18630,770,0,1060,1860,1210,3910,350,1660,6780,1700,7020,13820,35190,1340,6680,2110,5350,18720,2940,640,3130,1010,270,6750,2310,84250,1120,170,110,10170,280,330,90,820,0,1520,0,170,0,540,50,8490,230,1500,0,15300,710,440,850,420,4400,0,13240,520,0,7790,1120,190,10430,1450,640,550,390,3260,0,430,6460,280,130,2340,3350,2533000
"wyoming","WY",390,170,160,70,70,30,120,40,200,0,310,350,60,810,120,100,0,320,280,1530,140,210,1220,330,100,0,0,1390,220,1740,90,80,530,0,50,70,160,80,0,1840,70,0,200,240,50,1570,1280,100,1340,230,0,90,60,240,0,60,480,0,340,480,0,60,2200,420,0,0,410,110,110,0,70,0,0,3560,80,0,0,0,0,0,0,320,40,1140,0,0,100,0,0,70,0,290,0,90,310,270,70,0,0,90,0,200,0,0,0,0,0,90,0,0,30,0,0,580,0,0,0,0,0,60,0,0,0,2010,0,0,0,0,0,0,150,50,630,50,0,130,0,0,0,0,0,0,730,0,0,0,0,0,170,0,0,0,90,50,0,0,70,350,80,410,50,290,590,870,240,80,310,140,0,210,0,0,0,40,90,810,0,0,0,0,250,100,110,0,0,40,0,0,0,50,0,0,0,540,30,0,290,860,80,130,0,0,0,0,0,190,1420,1590,6210,1510,540,170,0,0,0,350,660,0,0,0,0,0,0,70,290,30,170,210,0,80,70,250,0,920,0,50,860,560,3230,0,40,1020,130,0,550,230,0,80,180,190,530,0,0,0,0,0,0,0,120,0,90,260,0,0,0,90,810,0,330,100,240,0,200,220,0,0,230,190,0,540,110,220,0,80,200,0,350,100,0,60,0,0,310,180,0,0,40,0,0,560,320,170,180,60,0,0,0,0,70,110,0,290,450,200,30,0,40,50,200,0,30,0,120,80,40,0,0,0,40,0,250,330,300,0,0,130,50,160,660,130,190,600,40,320,150,770,180,130,200,180,860,0,0,0,810,0,0,0,0,130,520,0,170,0,0,0,690,490,3100,1100,70,2010,300,160,390,220,340,60,390,0,90,80,400,440,110,0,160,330,3190,450,0,50,0,0,120,0,0,160,320,40,70,0,0,100,0,630,0,0,190,0,0,30,0,0,180,190,390,140,0,40,0,70,230,0,0,60,40,450,0,80,230,0,0,0,90,90,540,0,220,0,270,420,0,50,210,310,0,200,0,40,290,160,280,490,50,70,0,710,0,570,0,0,180,240,680,660,340,240,0,380,70,60,880,100,140,80,0,150,140,4840,120,640,630,80,80,40,130,90,100,280,120,420,0,0,0,890,280,170,0,0,1140,0,50,0,0,1000,160,390,370,300,2170,1030,1320,0,2790,280,1430,2180,40,4750,1050,5370,160,500,1060,710,530,840,230,5090,3260,50,2120,220,0,0,0,400,0,340,0,0,0,130,590,0,0,0,0,60,0,470,0,60,0,0,60,40,0,240,0,1850,1890,140,620,690,290,2770,320,230,6880,0,1020,910,8580,290,610,280,80,150,330,2310,0,0,0,0,230,0,0,0,1940,160,0,400,210,570,3260,0,280,140,1050,70,260,0,500,0,1440,270,180,1470,270,270,470,170,60,200,1210,170,0,50,90,290,300,80,290,430,150,240,640,3450,130,650,440,1510,4730,90,60,140,0,0,630,190,6560,80,0,0,370,0,0,0,0,0,180,0,0,0,40,0,2640,470,210,0,3030,70,0,40,60,800,0,3070,150,0,4150,220,0,2480,60,170,290,370,590,0,120,1310,0,0,360,170,247700
